-574.1706855389343
-0.22455932709068535
-13.444873614267035
25.247149060567722
24.68915522643077
28.168768929401224
28.180696855656464
28.525379790574178
28.534623097057718
28.570836748650912
28.572823565038192
28.5768121081215
28.57716016820433
28.57761918914378
28.577675887133704
28.57773107936369
28.577740050603524
28.57774698791089
28.577748393364743
28.577749304655335
28.577749524726066
28.577749649603998
28.577749684211504
28.577749701984388
28.57774970746592
28.57774971007109
28.57774971097109
28.57774971135676
28.57774971148996
28.577749711546424
28.577749711534533
28.577749711470574
28.577749711369414
28.57774971093668
28.577749710103276
28.57774970747878
28.577749701980288
28.57774968420223
28.577749649594438
28.57774952472235
28.577749304669315
28.57774839337563
28.577746987915624
28.577740050588776
28.57773107936323
28.57767588712862
28.577619189146954
28.577160168222203
28.576812108113515
28.572823565051515
28.57083674863991
28.534623097030725
28.525379790574803
28.18069685565353
28.16876892941481
24.689155226437393
25.24714906057116
-13.444873614276656
-0.22455932710550966
-574.1706855389135
-85.73125009843505
-0.9374115363832212
-7.60144414360297
-0.6347594154954426
-1.2103498878128858
-0.6380942964707632
-0.6912984871305269
-0.6445212709433379
-0.649498504337054
-0.6457373402184916
-0.6461899789937797
-0.6458969862576649
-0.64593451086652
-0.6459125619262118
-0.6459148640869341
-0.6459132239672032
-0.6459131792069301
-0.6459130327568088
-0.6459129767616028
-0.645912956143224
-0.645912941046102
-0.6459129368824996
-0.6459129336489593
-0.6459129327385285
-0.6459129321072796
-0.6459129319124519
-0.6459129317959171
-0.6459129317578722
-0.6459129317371481
-0.6459129317303515
-0.6459129317315258
-0.6459129317362795
-0.6459129317583863
-0.6459129317957768
-0.6459129319144038
-0.6459129321061511
-0.6459129327392206
-0.6459129336479906
-0.6459129368819965
-0.6459129410446618
-0.6459129561455914
-0.6459129767598069
-0.6459130327607381
-0.6459131792052488
-0.645913223967274
-0.6459148640860672
-0.645912561927046
-0.6459345108662324
-0.6458969862594477
-0.6461899789922243
-0.6457373402184852
-0.6494985043373094
-0.6445212709442039
-0.6912984871334051
-0.6380942964698773
-1.21034988781522
-0.6347594154985382
-7.601444143599407
-0.9374115363821667
-85.73125009843245
-10.703898776922268
-0.32248142109556777
-2.532836392157087
-0.8785259464004271
-1.1161068049594292
-0.9359415155752377
-0.96161496018248
-0.943709507645682
-0.9465784413927285
-0.9448667687990535
-0.9451977181548101
-0.9450386954794354
-0.9450781839975606
-0.9450639682139503
-0.9450688604998936
-0.9450676797206461
-0.9450683104415087
-0.9450682283590467
-0.9450683128765354
-0.9450683102341444
-0.9450683219525787
-0.9450683225648446
-0.9450683242344413
-0.9450683244342561
-0.9450683246764064
-0.9450683247184732
-0.9450683247536851
-0.9450683247625383
-0.9450683247662239
-0.9450683247683263
-0.9450683247676612
-0.9450683247669038
-0.9450683247613487
-0.9450683247533554
-0.9450683247189227
-0.9450683246771578
-0.9450683244337026
-0.9450683242350659
-0.9450683225638136
-0.9450683219531869
-0.9450683102338795
-0.9450683128776439
-0.9450682283584082
-0.9450683104412059
-0.9450676797205955
-0.9450688604996815
-0.9450639682153202
-0.9450781839969884
-0.9450386954792303
-0.9451977181561485
-0.9448667687981083
-0.9465784413923722
-0.9437095076452475
-0.9616149601830659
-0.935941515576206
-1.1161068049603013
-0.8785259463997899
-2.5328363921572983
-0.3224814210949537
-10.703898776922394
12.413599258673756
-0.09812879006128608
-0.4314088614379128
-0.8944414390456419
-0.9615433112671236
-0.9782742310800614
-0.987714701611268
-0.9880176089560299
-0.9892863362609717
-0.9892795210109402
-0.9894497296891314
-0.9894538641082694
-0.9894769580016778
-0.9894788049702583
-0.9894819972355755
-0.9894824541317497
-0.9894829058739973
-0.9894829981481644
-0.9894830637479144
-0.9894830806925838
-0.9894830904677561
-0.9894830934289265
-0.9894830949204192
-0.9894830954240441
-0.9894830956567153
-0.989483095741222
-0.9894830957778411
-0.9894830957925405
-0.9894830957971924
-0.9894830958000298
-0.9894830957998624
-0.989483095797336
-0.9894830957921188
-0.9894830957779095
-0.9894830957409815
-0.9894830956570311
-0.9894830954239167
-0.9894830949205466
-0.9894830934288824
-0.9894830904676786
-0.9894830806927718
-0.9894830637483103
-0.9894829981475128
-0.9894829058742776
-0.9894824541313528
-0.9894819972356603
-0.9894788049707545
-0.9894769580016122
-0.9894538641080539
-0.9894497296901285
-0.9892795210104781
-0.9892863362609411
-0.9880176089554592
-0.9877147016117914
-0.9782742310809504
-0.9615433112664928
-0.8944414390452301
-0.43140886143759016
-0.0981287900615786
12.413599258674115
20.599665388238925
-0.002997171883784977
0.40423304170488683
-0.8881696018446075
-0.8816763604167871
-0.9850420656966268
-0.9871597816224214
-0.9962525843471642
-0.9967766404062193
-0.9976468833210805
-0.997740255471626
-0.9978313189955148
-0.9978464530578923
-0.9978569014412746
-0.9978592713357093
-0.9978605792352886
-0.9978609465653423
-0.9978611229661554
-0.9978611799834272
-0.9978612052153386
-0.997861214129568
-0.9978612179002013
-0.9978612193073196
-0.9978612198886119
-0.9978612201134789
-0.9978612202048833
-0.9978612202412981
-0.9978612202559521
-0.9978612202613139
-0.9978612202637052
-0.9978612202637078
-0.9978612202607768
-0.9978612202563787
-0.9978612202408508
-0.9978612202049529
-0.9978612201133028
-0.997861219888917
-0.9978612193074079
-0.9978612179004692
-0.9978612141292122
-0.9978612052156891
-0.9978611799831689
-0.9978611229662003
-0.9978609465652183
-0.9978605792348743
-0.997859271335833
-0.9978569014414597
-0.9978464530576292
-0.9978313189957773
-0.9977402554716577
-0.9976468833213701
-0.9967766404057452
-0.9962525843466892
-0.9871597816226239
-0.985042065697177
-0.8816763604161426
-0.8881696018446974
0.4042330417043695
-0.0029971718843437227
20.59966538823853
23.667729636923028
0.03701868620451277
0.7361290100516714
-0.8828335892095149
-0.8456501642121633
-0.9857407002356395
-0.9847176773848959
-0.9978245257096465
-0.9980254736139036
-0.9993228820658363
-0.9993824702232477
-0.9995181630372932
-0.9995297199913247
-0.9995447776360327
-0.9995467667520648
-0.9995485473878449
-0.999548874195868
-0.99954909888349
-0.999549151603529
-0.999549181756032
-0.999549190216798
-0.9995491944880679
-0.99954919584779
-0.9995491964800738
-0.9995491966998142
-0.9995491967966967
-0.9995491968324293
-0.999549196847508
-0.9995491968532155
-0.9995491968551821
-0.9995491968551178
-0.9995491968527448
-0.9995491968480243
-0.9995491968318153
-0.9995491967965273
-0.9995491966999408
-0.9995491964802952
-0.9995491958480932
-0.9995491944877553
-0.9995491902166252
-0.99954918175609
-0.9995491516034241
-0.9995490988839719
-0.9995488741950505
-0.9995485473882585
-0.9995467667522702
-0.9995447776361288
-0.9995297199909858
-0.999518163037666
-0.9993824702231968
-0.9993228820662615
-0.9980254736133911
-0.9978245257094178
-0.984717677384636
-0.9857407002356473
-0.8456501642121373
-0.8828335892100592
0.736129010050941
0.037018686204453116
23.667729636924186
24.853635845462026
0.053650781728630886
0.8689121985669185
-0.8800062423432533
-0.8301526117053242
-0.9855708311160776
-0.9832243367250386
-0.9981052198595125
-0.9981701167542982
-0.9996673690559972
-0.9997128676367101
-0.9998705496657196
-0.9998806221977219
-0.9998980563541549
-0.9998998865212307
-0.9999019206795507
-0.9999022302876812
-0.9999024817713595
-0.9999025326218562
-0.9999025655876419
-0.9999025738452328
-0.9999025784104432
-0.9999025797482578
-0.9999025804112872
-0.9999025806284236
-0.999902580728782
-0.9999025807639323
-0.9999025807795854
-0.9999025807851145
-0.9999025807869508
-0.9999025807869466
-0.9999025807856265
-0.9999025807793502
-0.9999025807638181
-0.9999025807283759
-0.9999025806288055
-0.9999025804113253
-0.9999025797483299
-0.9999025784105418
-0.9999025738455474
-0.999902565587375
-0.9999025326218342
-0.9999024817709032
-0.9999022302874512
-0.9999019206798967
-0.9998998865216622
-0.9998980563541437
-0.9998806221974461
-0.9998705496653022
-0.9997128676370297
-0.999667369055742
-0.9981701167545066
-0.9981052198599233
-0.983224336723951
-0.9855708311164166
-0.83015261170503
-0.8800062423435181
0.8689121985675423
0.05365078172849487
24.853635845460538
25.32100573285348
0.06052339786458609
0.9224586946625001
-0.878691189445284
-0.8236192627241448
-0.9853933811726114
-0.9824932092763287
-0.9981416823128755
-0.9981500086166744
-0.9997379095211104
-0.9997777071853409
-0.9999458411865043
-0.9999553349486279
-0.9999739490953894
-0.999975719306981
-0.9999778844096985
-0.9999781876590981
-0.999978453477749
-0.9999785036399209
-0.9999785381588646
-0.9999785463406325
-0.9999785510730718
-0.9999785524021866
-0.99997855308335
-0.9999785532996062
-0.9999785534017975
-0.9999785534366223
-0.9999785534525025
-0.9999785534575799
-0.9999785534602783
-0.9999785534603722
-0.9999785534584186
-0.9999785534522407
-0.9999785534365015
-0.9999785534011592
-0.9999785532998993
-0.9999785530831875
-0.9999785524022493
-0.999978551073398
-0.9999785463406434
-0.9999785381585209
-0.9999785036399779
-0.9999784534772741
-0.9999781876591679
-0.9999778844102083
-0.9999757193069996
-0.999973949095873
-0.9999553349481596
-0.9999458411866617
-0.9997777071849341
-0.9997379095211227
-0.998150008617589
-0.9981416823133044
-0.9824932092754781
-0.9853933811730433
-0.8236192627236435
-0.8786911894452067
0.9224586946632114
0.06052339786518374
25.321005732853475
25.50767023087216
0.06335832231306643
0.9442031767276039
-0.8781116655500891
-0.8208891878996212
-0.9852936111252217
-0.9821624469275404
-0.9981386238349881
-0.9981235142180733
-0.999751611513753
-0.9997891339638292
-0.9999620948382046
-0.9999713732307779
-0.9999905547117638
-0.9999923046146597
-0.9999945351249282
-0.9999948364265152
-0.9999951096622984
-0.9999951596314303
-0.9999951949802235
-0.9999952031417656
-0.9999952079660344
-0.9999952092936317
-0.9999952099840367
-0.9999952102004771
-0.9999952103029767
-0.9999952103382256
-0.9999952103545425
-0.9999952103598635
-0.9999952103623762
-0.9999952103623682
-0.9999952103595934
-0.99999521035479
-0.9999952103378515
-0.99999521030359
-0.9999952102005011
-0.9999952099844469
-0.9999952092932081
-0.9999952079663632
-0.9999952031415078
-0.9999951949807936
-0.9999951596310427
-0.9999951096626869
-0.9999948364265436
-0.9999945351250927
-0.999992304614789
-0.9999905547113555
-0.9999713732306956
-0.999962094838712
-0.999789133963559
-0.9997516115143981
-0.9981235142183171
-0.9981386238347797
-0.9821624469267723
-0.9852936111255586
-0.8208891878995872
-0.8781116655510366
0.944203176727628
0.06335832231298158
25.507670230872037
25.582952131092426
0.0645282275044188
0.953085110520951
-0.877862780996499
-0.8197523729502516
-0.9852455430944516
-0.9820180740090043
-0.9981330154926672
-0.9981081927063149
-0.9997538273496475
-0.999790444456283
-0.9999655847814024
-0.9999747857669092
-0.9999942328186601
-0.9999959767522817
-0.9999982389964671
-0.9999985399008599
-0.9999988168612134
-0.999998866810756
-0.9999989025898615
-0.9999989107512494
-0.9999989156250413
-0.999998916952235
-0.9999989176482855
-0.999998917864364
-0.999998917968218
-0.9999989180037232
-0.999998918019622
-0.999998918025149
-0.9999989180267201
-0.9999989180270356
-0.9999989180248996
-0.9999989180197957
-0.9999989180029237
-0.9999989179688409
-0.9999989178642439
-0.9999989176484694
-0.999998916951679
-0.9999989156247222
-0.9999989107516557
-0.9999989025899015
-0.9999988668106164
-0.9999988168611348
-0.9999985399006064
-0.9999982389965174
-0.9999959767524582
-0.9999942328186595
-0.9999747857665825
-0.9999655847812454
-0.9997904444565596
-0.999753827349652
-0.998108192706106
-0.9981330154927623
-0.982018074008125
-0.9852455430949087
-0.8197523729499743
-0.8778627809969667
0.9530851105214455
0.06452822750516977
25.582952131091652
25.613539667888276
0.06501173505866902
0.956730811299064
-0.8777572828269109
-0.8192794235659122
-0.985223820039198
-0.9819561849653653
-0.9981296042022815
-0.998100747465811
-0.9997539466205794
-0.9997902022281409
-0.9999663097264367
-0.9999754835920044
-0.9999950522695038
-0.9999967948601639
-0.999999072121512
-0.9999993730680601
-0.9999996518494805
-0.999999701823727
-0.9999997378196308
-0.9999997459865797
-0.9999997508851276
-0.9999997522131345
-0.9999997529123589
-0.9999997531285088
-0.9999997532327218
-0.9999997532679854
-0.9999997532835696
-0.9999997532892844
-0.999999753291283
-0.9999997532913592
-0.9999997532898299
-0.9999997532836735
-0.9999997532674405
-0.9999997532327987
-0.9999997531283678
-0.9999997529123257
-0.9999997522133253
-0.999999750884907
-0.9999997459869372
-0.9999997378192984
-0.9999997018237048
-0.9999996518492922
-0.9999993730676616
-0.9999990721221164
-0.9999967948602594
-0.9999950522695336
-0.9999754835917519
-0.9999663097262352
-0.9997902022282714
-0.9997539466206176
-0.9981007474655327
-0.9981296042029234
-0.9819561849641669
-0.9852238200404488
-0.8192794235648123
-0.8777572828268829
0.9567308112992889
0.0650117350589066
25.613539667887977
25.626040584370386
0.06521194681674325
0.9582333470648721
-0.8777128622645279
-0.8190825848926911
-0.9852143086689293
-0.9819299067660031
-0.9981279048491396
-0.9980973686090316
-0.9997538049464041
-0.9997899152298221
-0.9999664463297646
-0.9999756108659292
-0.9999952342717919
-0.9999969767831688
-0.9999992610026138
-0.9999995620613094
-0.9999998417120701
-0.999999891712805
-0.999999927816207
-0.9999999359872702
-0.9999999408985152
-0.9999999422272625
-0.999999942927827
-0.9999999431444506
-0.9999999432483985
-0.9999999432838187
-0.9999999432996711
-0.9999999433053782
-0.9999999433074906
-0.9999999433075829
-0.9999999433053385
-0.9999999432998905
-0.9999999432837634
-0.9999999432486926
-0.9999999431441396
-0.999999942928139
-0.9999999422273127
-0.9999999408983862
-0.9999999359869247
-0.9999999278159105
-0.9999998917125714
-0.9999998417125513
-0.999999562061373
-0.9999992610030959
-0.9999969767828594
-0.9999952342716968
-0.9999756108658501
-0.9999664463297445
-0.9997899152300016
-0.9997538049466115
-0.9980973686090078
-0.9981279048486371
-0.9819299067655511
-0.9852143086692929
-0.8190825848916314
-0.8777128622651018
0.9582333470643916
0.06521194681396802
25.62604058437016
25.631173901896815
0.06529502057020566
0.95885473690501
-0.8776942201486828
-0.8190005784975277
-0.9852102145379611
-0.98191880565517
-0.9981271216058922
-0.9980958844207748
-0.9997536986871866
-0.9997897500823422
-0.9999664648963362
-0.9999756262618846
-0.9999952739505668
-0.9999970166195777
-0.9999993040068995
-0.9999996051525537
-0.9999998852101135
-0.9999999352293463
-0.9999999713838355
-0.9999999795577956
-0.9999999844754847
-0.9999999858048583
-0.9999999865063831
-0.9999999867228515
-0.9999999868272627
-0.9999999868624083
-0.9999999868785143
-0.9999999868839942
-0.9999999868858729
-0.9999999868864538
-0.9999999868838494
-0.9999999868789073
-0.9999999868621241
-0.999999986827257
-0.9999999867225698
-0.9999999865064314
-0.9999999858050665
-0.9999999844756132
-0.9999999795576946
-0.9999999713837467
-0.9999999352294286
-0.9999998852101941
-0.9999996051522309
-0.9999993040069496
-0.9999970166194994
-0.999995273951497
-0.9999756262612727
-0.9999664648961663
-0.999789750082337
-0.9997536986875301
-0.9980958844209427
-0.9981271216060705
-0.981918805655729
-0.9852102145384175
-0.8190005784971176
-0.8776942201485185
0.9588547369047784
0.06529502057127513
25.631173901898883
25.633290101125638
0.06532955978028421
0.9591124756633216
-0.8776864075163506
-0.8189663690677302
-0.985208469054436
-0.981914128340621
-0.9981267739247277
-0.998095243559858
-0.9997536422766167
-0.999789669619724
-0.999966463532721
-0.9999756238286786
-0.9999952821734929
-0.9999970249805681
-0.9999993137897547
-0.9999996149873704
-0.9999998952321424
-0.9999999452620916
-0.9999999814407108
-0.9999999896169582
-0.9999999945375792
-0.9999999958674632
-0.9999999965693949
-0.9999999967856545
-0.999999996889888
-0.9999999969250184
-0.9999999969411445
-0.9999999969469544
-0.9999999969491391
-0.9999999969491389
-0.9999999969467424
-0.999999996941324
-0.9999999969245957
-0.9999999968899669
-0.9999999967856292
-0.9999999965691533
-0.9999999958675616
-0.9999999945373907
-0.9999999896170713
-0.9999999814407953
-0.999999945262675
-0.9999998952323474
-0.999999614987021
-0.9999993137900427
-0.9999970249806805
-0.9999952821733427
-0.9999756238284764
-0.9999664635324519
-0.9997896696201822
-0.9997536422770139
-0.9980952435589069
-0.9981267739249666
-0.9819141283403103
-0.9852084690544576
-0.8189663690675064
-0.8776864075151258
0.9591124756618807
0.06532955977899718
25.633290101124434
25.634165380456544
0.06534394742286681
0.9592196510947599
-0.8776831344717521
-0.8189520786635291
-0.9852077289541176
-0.9819121600083385
-0.9981266226791286
-0.998094969454082
-0.9997536155069777
-0.9997896329562638
-0.9999664607460357
-0.9999756206817907
-0.9999952836631265
-0.9999970265544295
-0.9999993159939212
-0.9999996172199607
-0.9999998975495834
-0.999999947585331
-0.9999999837752955
-0.99999999195247
-0.9999999968747032
-0.9999999982044917
-0.9999999989063616
-0.9999999991228059
-0.999999999226921
-0.9999999992626196
-0.999999999278764
-0.9999999992843729
-0.9999999992863
-0.9999999992861441
-0.999999999283831
-0.9999999992785725
-0.9999999992622381
-0.9999999992275648
-0.9999999991230608
-0.9999999989063908
-0.9999999982041112
-0.9999999968743487
-0.9999999919525544
-0.9999999837753296
-0.9999999475854159
-0.9999998975496642
-0.9999996172196766
-0.9999993159938974
-0.999997026553832
-0.9999952836629287
-0.9999756206821947
-0.999966460746347
-0.999789632956089
-0.9997536155073138
-0.9980949694532083
-0.9981266226787447
-0.9819121600088225
-0.9852077289535528
-0.8189520786648717
-0.8776831344715255
0.9592196510939184
0.06534394742309733
25.634165380458114
25.634528423818786
0.06534995137335317
0.9592643161093282
-0.8776817628995339
-0.8189461008558858
-0.9852074161153401
-0.9819113320112083
-0.9981265576412248
-0.9980948528456104
-0.9997536034277541
-0.9997896167823275
-0.9999664590257036
-0.9999756188406068
-0.9999952838252881
-0.999997026760989
-0.9999993164778449
-0.9999996177177946
-0.9999998980857607
-0.9999999481245132
-0.9999999843195766
-0.9999999924969704
-0.9999999974197558
-0.9999999987498409
-0.9999999994519061
-0.9999999996684164
-0.9999999997730301
-0.9999999998083025
-0.9999999998242275
-0.9999999998296462
-0.9999999998316212
-0.9999999998316487
-0.9999999998298124
-0.9999999998240814
-0.9999999998084677
-0.9999999997728181
-0.9999999996688697
-0.999999999451799
-0.9999999987499009
-0.9999999974201801
-0.9999999924973779
-0.9999999843196714
-0.9999999481244436
-0.9999998980860533
-0.9999996177178672
-0.9999993164778698
-0.9999970267608627
-0.9999952838256091
-0.999975618841267
-0.999966459026101
-0.9997896167820427
-0.99975360342809
-0.9980948528453124
-0.9981265576417402
-0.9819113320111277
-0.9852074161159546
-0.8189461008562962
-0.8776817628997273
0.9592643161103206
0.0653499513752902
25.634528423818843
25.63467937121608
0.06535246091127077
0.9592829661167601
-0.8776811878012343
-0.818943596964294
-0.9852072841000589
-0.9819109836764272
-0.9981265298649198
-0.9980948033915729
-0.9997535981178671
-0.9997896097682935
-0.9999664581621714
-0.9999756179360996
-0.9999952837822488
-0.9999970267406793
-0.9999993165777619
-0.9999996178245698
-0.99999989820899
-0.9999999482493451
-0.9999999844465055
-0.9999999926245644
-0.9999999975478887
-0.999999998877603
-0.9999999995800062
-0.9999999997960799
-0.999999999900905
-0.9999999999359681
-0.9999999999518925
-0.9999999999575931
-0.9999999999596343
-0.999999999959566
-0.9999999999581127
-0.9999999999515776
-0.9999999999360893
-0.9999999999006486
-0.9999999997962296
-0.9999999995796723
-0.9999999988772663
-0.9999999975477498
-0.9999999926246662
-0.9999999844460503
-0.9999999482494559
-0.9999998982085735
-0.9999996178242545
-0.999999316577572
-0.9999970267405895
-0.999995283782134
-0.9999756179364236
-0.9999664581618561
-0.999789609767755
-0.99975359811746
-0.9980948033913946
-0.9981265298649411
-0.981910983676499
-0.9852072841000062
-0.8189435969647043
-0.8776811878008897
0.959282966117009
0.06535246091117847
25.634679371214347
25.63474226589123
0.06535351141621842
0.9592907667951911
-0.8776809464792745
-0.8189425468588819
-0.985207228435319
-0.981910837079518
-0.9981265180503336
-0.9980947824538264
-0.999753595816606
-0.9997896067554635
-0.9999664577618024
-0.9999756175212416
-0.9999952837369208
-0.9999970267056449
-0.9999993165949909
-0.9999996178451351
-0.9999998982374454
-0.999999948278092
-0.9999999844762341
-0.9999999926541088
-0.9999999975776742
-0.9999999989076046
-0.9999999996100594
-0.9999999998264277
-0.9999999999308493
-0.9999999999658652
-0.9999999999816638
-0.9999999999874635
-0.9999999999898385
-0.9999999999900434
-0.999999999987883
-0.9999999999820177
-0.9999999999659811
-0.9999999999307949
-0.9999999998264801
-0.9999999996098468
-0.9999999989079662
-0.9999999975783913
-0.9999999926539473
-0.9999999844761833
-0.9999999482779431
-0.9999998982373086
-0.9999996178458723
-0.9999993165950918
-0.9999970267061717
-0.9999952837364909
-0.999975617521784
-0.9999664577614401
-0.9997896067556135
-0.9997535958170594
-0.9980947824539705
-0.9981265180504386
-0.9819108370798426
-0.9852072284356034
-0.8189425468596604
-0.8776809464789104
0.9592907667952406
0.06535351141711153
25.63474226589211
25.634768520980085
0.06535395176515867
0.9592940345246241
-0.8776808451308564
-0.8189421059412585
-0.9852072049703755
-0.9819107753522145
-0.9981265130377954
-0.9980947735971961
-0.9997535948281229
-0.9997896054686517
-0.9999664575834378
-0.9999756173380199
-0.9999952837113651
-0.9999970266846998
-0.9999993165966716
-0.9999996178487782
-0.9999998982435772
-0.9999999482844139
-0.99999998448369
-0.9999999926612151
-0.9999999975853399
-0.9999999989148092
-0.9999999996176241
-0.999999999833487
-0.9999999999382614
-0.9999999999729474
-0.9999999999896583
-0.999999999994764
-0.9999999999973846
-0.9999999999974354
-0.9999999999946085
-0.9999999999892034
-0.9999999999732082
-0.9999999999376837
-0.999999999833781
-0.9999999996170258
-0.9999999989150703
-0.9999999975848521
-0.999999992660825
-0.9999999844837116
-0.999999948285156
-0.9999998982429192
-0.9999996178492443
-0.9999993165960879
-0.9999970266846658
-0.9999952837109831
-0.9999756173380311
-0.9999664575829843
-0.9997896054689106
-0.9997535948281076
-0.9980947735975723
-0.9981265130370318
-0.9819107753518852
-0.9852072049707166
-0.8189421059411154
-0.8776808451302014
0.9592940345252714
0.0653539517652734
25.63476852097932
25.63477949923644
0.06535413658104988
0.9592954052539027
-0.8776808025294927
-0.818941920607114
-0.9852071950774894
-0.9819107493443625
-0.998126510914172
-0.9980947698527816
-0.9997535944057631
-0.9997896049204545
-0.9999664575050706
-0.9999756172577725
-0.99999528369879
-0.9999970266738349
-0.9999993165962828
-0.9999996178481032
-0.999999898244434
-0.9999999482855707
-0.9999999844850754
-0.9999999926625447
-0.9999999975870877
-0.9999999989161812
-0.9999999996187345
-0.9999999998348923
-0.9999999999394975
-0.9999999999743676
-0.9999999999906235
-0.9999999999965243
-0.9999999999991374
-0.9999999999983893
-0.9999999999961956
-0.9999999999907414
-0.999999999974704
-0.999999999939394
-0.9999999998354512
-0.9999999996191833
-0.999999998916367
-0.9999999975867108
-0.9999999926625824
-0.9999999844854387
-0.9999999482857717
-0.9999998982445408
-0.9999996178486614
-0.9999993165954124
-0.9999970266740938
-0.9999952836979381
-0.9999756172579815
-0.999966457505158
-0.9997896049211039
-0.9997535944060716
-0.9980947698521605
-0.9981265109139328
-0.9819107493447496
-0.9852071950780451
-0.8189419206071453
-0.8776808025295293
0.9592954052539071
0.06535413658032158
25.63477949923736
25.63478409647956
0.06535421423804746
0.9592959809476038
-0.8776807846070764
-0.8189418426267955
-0.9852071909062601
-0.981910738380311
-0.998126510015307
-0.9980947682693038
-0.9997535942250015
-0.9997896046881283
-0.999966457471118
-0.9999756172237685
-0.9999952836925639
-0.9999970266692932
-0.999999316595132
-0.9999996178476055
-0.9999998982449206
-0.9999999482867747
-0.9999999844854096
-0.9999999926636846
-0.9999999975875753
-0.9999999989165125
-0.9999999996193958
-0.9999999998358045
-0.9999999999401918
-0.999999999975467
-0.9999999999911786
-0.9999999999973667
-0.9999999999992094
-0.9999999999987766
-0.9999999999970816
-0.9999999999915019
-0.9999999999753686
-0.9999999999405909
-0.9999999998355646
-0.9999999996192583
-0.9999999989169654
-0.9999999975870475
-0.9999999926635215
-0.9999999844856291
-0.99999994828628
-0.9999998982452027
-0.9999996178474775
-0.999999316595628
-0.9999970266695162
-0.9999952836923922
-0.9999756172240453
-0.9999664574713649
-0.9997896046883945
-0.99975359422556
-0.9980947682684133
-0.9981265100156527
-0.9819107383795409
-0.9852071909061354
-0.8189418426267272
-0.8776807846071681
0.9592959809459853
0.06535421423620995
25.63478409648066
25.634786024192113
0.06535424689956054
0.9592962229994395
-0.8776807770616692
-0.8189418097853113
-0.9852071891467367
-0.9819107337546438
-0.9981265096350274
-0.9980947675993103
-0.9997535941489577
-0.999789604588928
-0.9999664574569372
-0.9999756172090466
-0.9999952836901915
-0.999997026666918
-0.9999993165950684
-0.999999617847527
-0.9999998982452933
-0.9999999482864587
-0.9999999844860834
-0.9999999926637572
-0.9999999975868925
-0.9999999989164623
-0.999999999619601
-0.9999999998356712
-0.999999999940563
-0.9999999999750373
-0.9999999999916666
-0.9999999999969174
-0.9999999999988366
-0.9999999999987774
-0.9999999999973062
-0.9999999999914344
-0.9999999999757936
-0.9999999999396013
-0.9999999998355401
-0.9999999996192708
-0.999999998917185
-0.9999999975866063
-0.999999992663632
-0.9999999844855962
-0.9999999482862874
-0.9999998982438824
-0.9999996178474327
-0.999999316594478
-0.9999970266671803
-0.9999952836902601
-0.9999756172093728
-0.9999664574564694
-0.9997896045883794
-0.9997535941481559
-0.9980947675998018
-0.9981265096347443
-0.9819107337539115
-0.9852071891474152
-0.8189418097838747
-0.8776807770622612
0.9592962229990805
0.06535424689744061
25.63478602419545
25.63478683349835
0.06535426065156322
0.9592963248768255
-0.877680773881416
-0.8189417959409453
-0.9852071884034999
-0.9819107318012741
-0.9981265094737881
-0.9980947673166519
-0.9997535941165168
-0.9997896045464767
-0.9999664574506004
-0.9999756172019784
-0.9999952836888386
-0.9999970266659637
-0.9999993165948637
-0.9999996178474609
-0.9999998982449818
-0.9999999482854844
-0.9999999844853658
-0.9999999926624346
-0.9999999975868863
-0.9999999989169464
-0.9999999996194869
-0.9999999998355417
-0.9999999999403986
-0.9999999999748067
-0.999999999991499
-0.9999999999963127
-0.9999999999991112
-0.9999999999994202
-0.9999999999967994
-0.9999999999916358
-0.9999999999748832
-0.9999999999392628
-0.9999999998364144
-0.9999999996191575
-0.9999999989171393
-0.9999999975871108
-0.9999999926633945
-0.9999999844857628
-0.9999999482852139
-0.9999998982445768
-0.9999996178480397
-0.9999993165952048
-0.9999970266661111
-0.9999952836895483
-0.999975617202139
-0.9999664574507989
-0.9997896045464993
-0.9997535941166339
-0.9980947673172851
-0.9981265094735448
-0.9819107318019266
-0.9852071884037202
-0.81894179594054
-0.877680773881835
0.9592963248763908
0.06535426065283931
25.634786833497884
25.6347871736396
0.0653542664453412
0.9592963677949624
-0.8776807725395694
-0.8189417901010589
-0.9852071880899439
-0.9819107309767566
-0.9981265094056829
-0.9980947671965916
-0.9997535941027336
-0.9997896045291714
-0.9999664574480707
-0.9999756171999465
-0.999995283688849
-0.9999970266665801
-0.9999993165948333
-0.9999996178474673
-0.9999998982444682
-0.999999948286177
-0.9999999844853441
-0.9999999926636313
-0.9999999975874388
-0.9999999989173474
-0.9999999996192794
-0.9999999998355411
-0.9999999999396774
-0.9999999999755398
-0.9999999999914502
-0.9999999999975033
-0.9999999999993612
-0.9999999999994036
-0.999999999996596
-0.9999999999917726
-0.9999999999745666
-0.9999999999410736
-0.999999999836016
-0.9999999996190772
-0.9999999989170527
-0.9999999975871301
-0.9999999926633917
-0.9999999844853764
-0.9999999482856937
-0.9999998982455789
-0.9999996178475584
-0.999999316595028
-0.9999970266652938
-0.9999952836888704
-0.9999756171994997
-0.9999664574482514
-0.9997896045295298
-0.9997535941025402
-0.9980947671966967
-0.9981265094052976
-0.9819107309774364
-0.9852071880896756
-0.8189417901019949
-0.8776807725400351
0.9592963677947157
0.06535426644654901
25.634787173637665
25.634787316735736
0.06535426888942493
0.9592963858904682
-0.8776807719742405
-0.8189417876366745
-0.985207187957875
-0.9819107306280221
-0.99812650937697
-0.9980947671456861
-0.9997535940961966
-0.9997896045217579
-0.9999664574468443
-0.9999756171990424
-0.9999952836884624
-0.999997026665584
-0.9999993165943764
-0.9999996178466148
-0.9999998982446271
-0.9999999482865696
-0.9999999844858212
-0.9999999926637861
-0.9999999975871006
-0.9999999989166273
-0.9999999996191645
-0.9999999998355539
-0.9999999999405935
-0.9999999999753327
-0.9999999999911927
-0.9999999999970259
-0.9999999999985139
-0.9999999999988782
-0.9999999999967828
-0.9999999999920575
-0.999999999975745
-0.9999999999405333
-0.999999999835223
-0.9999999996187385
-0.9999999989165882
-0.9999999975872653
-0.9999999926633845
-0.9999999844855545
-0.9999999482863067
-0.9999998982454619
-0.9999996178472454
-0.999999316594606
-0.9999970266656911
-0.9999952836887787
-0.9999756171988199
-0.9999664574471347
-0.9997896045219372
-0.9997535940960116
-0.998094767145731
-0.9981265093771587
-0.9819107306279634
-0.9852071879578368
-0.818941787636947
-0.8776807719736693
0.9592963858904706
0.06535426889121808
25.634787316738127
25.63478737699145
0.06535426992428667
0.9592963935259178
-0.8776807717355223
-0.8189417865947656
-0.9852071879013856
-0.9819107304802972
-0.9981265093645838
-0.9980947671244755
-0.9997535940943478
-0.9997896045186355
-0.9999664574464682
-0.999975617197888
-0.9999952836882979
-0.9999970266656049
-0.9999993165942732
-0.9999996178475068
-0.9999998982447956
-0.9999999482865118
-0.999999984485248
-0.999999992663744
-0.9999999975873554
-0.9999999989171304
-0.9999999996193683
-0.9999999998359119
-0.9999999999401552
-0.999999999974695
-0.9999999999916536
-0.9999999999970921
-0.9999999999990403
-0.9999999999992388
-0.999999999997183
-0.9999999999918796
-0.999999999975024
-0.9999999999402291
-0.999999999835913
-0.9999999996190835
-0.9999999989167223
-0.9999999975874745
-0.9999999926635429
-0.999999984485272
-0.9999999482862489
-0.9999998982452751
-0.9999996178472904
-0.9999993165944109
-0.9999970266651299
-0.9999952836881492
-0.999975617197636
-0.9999664574460625
-0.9997896045180341
-0.9997535940946038
-0.9980947671243928
-0.9981265093651341
-0.9819107304802965
-0.9852071879020283
-0.8189417865942811
-0.8776807717343361
0.9592963935256453
0.06535426992420423
25.63478737698592
25.63478740235921
0.06535427035801016
0.9592963967466905
-0.8776807716342255
-0.81894178615486
-0.9852071878783768
-0.9819107304189514
-0.9981265093595817
-0.9980947671157414
-0.9997535940932363
-0.9997896045171684
-0.9999664574461082
-0.9999756171984904
-0.9999952836886259
-0.9999970266655552
-0.9999993165940215
-0.9999996178474599
-0.9999998982447166
-0.9999999482866585
-0.9999999844857783
-0.9999999926639409
-0.9999999975870542
-0.9999999989170393
-0.9999999996191031
-0.999999999835842
-0.9999999999399684
-0.9999999999757014
-0.9999999999918331
-0.9999999999970536
-0.9999999999989551
-0.9999999999995903
-0.9999999999969592
-0.9999999999919991
-0.9999999999757039
-0.9999999999402063
-0.9999999998350383
-0.9999999996186415
-0.999999998917195
-0.9999999975875387
-0.9999999926636306
-0.9999999844859577
-0.9999999482861373
-0.9999998982455377
-0.9999996178469479
-0.9999993165940952
-0.999997026665161
-0.9999952836883896
-0.9999756171980178
-0.9999664574462865
-0.9997896045174575
-0.9997535940936073
-0.9980947671150362
-0.998126509359501
-0.9819107304185765
-0.9852071878775261
-0.8189417861538537
-0.8776807716339701
0.9592963967478211
0.06535427035816663
25.634787402359617
25.634787413025116
0.0653542705390465
0.9592963981030358
-0.8776807715924979
-0.818941785969842
-0.9852071878679217
-0.981910730391736
-0.9981265093573403
-0.9980947671114954
-0.9997535940926445
-0.9997896045164096
-0.9999664574462719
-0.9999756171979661
-0.9999952836882005
-0.9999970266653436
-0.9999993165944974
-0.9999996178471586
-0.9999998982451492
-0.9999999482865645
-0.9999999844857745
-0.9999999926635976
-0.9999999975864836
-0.9999999989166022
-0.9999999996192853
-0.9999999998359288
-0.9999999999406168
-0.9999999999753589
-0.9999999999914648
-0.9999999999970022
-0.9999999999990693
-0.9999999999993565
-0.9999999999971032
-0.9999999999917353
-0.9999999999756035
-0.999999999939811
-0.9999999998353853
-0.9999999996198148
-0.9999999989174637
-0.9999999975872833
-0.9999999926638118
-0.9999999844858651
-0.9999999482860047
-0.9999998982446896
-0.9999996178467543
-0.9999993165946781
-0.999997026665573
-0.999995283688947
-0.9999756171980498
-0.9999664574460733
-0.9997896045166286
-0.9997535940930062
-0.9980947671118569
-0.9981265093573789
-0.9819107303921464
-0.9852071878680951
-0.8189417859692669
-0.8776807715924801
0.9592963981014535
0.06535427053945295
25.63478741302633
25.63478741740099
0.06535427061605864
0.9592963986608498
-0.8776807715738085
-0.8189417858926606
-0.985207187863816
-0.9819107303813521
-0.9981265093568796
-0.9980947671099
-0.9997535940927149
-0.9997896045162372
-0.9999664574455517
-0.9999756171972912
-0.9999952836879485
-0.9999970266655516
-0.9999993165950097
-0.9999996178477518
-0.9999998982448777
-0.9999999482856519
-0.9999999844851013
-0.999999992663062
-0.9999999975868696
-0.9999999989168692
-0.9999999996193752
-0.9999999998352846
-0.9999999999399185
-0.9999999999749142
-0.9999999999914702
-0.9999999999974445
-0.9999999999996805
-0.999999999999436
-0.9999999999962987
-0.9999999999907907
-0.9999999999747253
-0.9999999999395284
-0.9999999998360276
-0.9999999996195732
-0.9999999989173363
-0.9999999975872464
-0.9999999926629193
-0.9999999844849551
-0.9999999482853468
-0.999999898245219
-0.9999996178477464
-0.9999993165950664
-0.9999970266651138
-0.999995283688222
-0.9999756171977787
-0.9999664574458
-0.9997896045162309
-0.999753594092902
-0.9980947671100766
-0.9981265093563041
-0.9819107303807759
-0.9852071878637663
-0.8189417858933943
-0.8776807715751216
0.9592963986610148
0.06535427061539328
25.63478741740068
25.634787418967623
0.0653542706431795
0.9592963988605967
-0.8776807715678094
-0.8189417858658714
-0.9852071878623843
-0.9819107303773311
-0.9981265093560878
-0.9980947671094359
-0.9997535940922535
-0.9997896045161462
-0.9999664574457197
-0.999975617197959
-0.9999952836884151
-0.9999970266653571
-0.9999993165945693
-0.9999996178474064
-0.9999998982442099
-0.9999999482865067
-0.9999999844855287
-0.9999999926638024
-0.999999997586549
-0.9999999989172363
-0.9999999996189749
-0.9999999998363593
-0.9999999999398943
-0.9999999999757188
-0.9999999999913247
-0.999999999997615
-0.9999999999987952
-0.9999999999993224
-0.9999999999961559
-0.9999999999921971
-0.9999999999750648
-0.9999999999405512
-0.9999999998360665
-0.9999999996196145
-0.9999999989169304
-0.9999999975869607
-0.9999999926626858
-0.999999984486453
-0.9999999482856478
-0.9999998982459083
-0.9999996178471999
-0.9999993165945038
-0.9999970266650886
-0.9999952836881986
-0.9999756171986094
-0.9999664574459279
-0.9997896045159682
-0.9997535940929958
-0.99809476710936
-0.9981265093559465
-0.9819107303763901
-0.9852071878628634
-0.8189417858667949
-0.877680771567818
0.9592963988592393
0.06535427064388638
25.63478741896857
25.634787418973108
0.06535427064001581
0.9592963988585651
-0.8776807715683412
-0.8189417858672056
-0.9852071878622474
-0.9819107303775424
-0.9981265093559869
-0.9980947671095617
-0.9997535940920955
-0.9997896045168285
-0.9999664574463542
-0.9999756171988714
-0.9999952836883955
-0.9999970266655801
-0.9999993165942114
-0.9999996178469152
-0.9999998982445701
-0.9999999482871875
-0.9999999844856151
-0.9999999926640329
-0.9999999975866783
-0.9999999989174433
-0.99999999961933
-0.9999999998363989
-0.9999999999401219
-0.9999999999756262
-0.9999999999910414
-0.9999999999967706
-0.9999999999981548
-0.9999999999988662
-0.9999999999972367
-0.9999999999919114
-0.9999999999760318
-0.9999999999402571
-0.9999999998354652
-0.99999999961915
-0.9999999989164025
-0.9999999975865113
-0.9999999926640057
-0.999999984485969
-0.9999999482861992
-0.9999998982447151
-0.9999996178470592
-0.9999993165943638
-0.9999970266650888
-0.9999952836883781
-0.9999756171984621
-0.9999664574458238
-0.9997896045162158
-0.9997535940923041
-0.9980947671091535
-0.9981265093561347
-0.9819107303768584
-0.9852071878632325
-0.8189417858660952
-0.8776807715690242
0.9592963988607934
0.06535427064216505
25.634787418975428
25.634787417402308
0.06535427061534935
0.959296398659903
-0.8776807715744213
-0.8189417858934889
-0.9852071878635227
-0.9819107303818344
-0.9981265093563503
-0.9980947671097382
-0.9997535940923247
-0.9997896045166157
-0.9999664574458973
-0.9999756171982237
-0.9999952836883143
-0.9999970266660233
-0.9999993165942878
-0.9999996178471522
-0.9999998982452053
-0.999999948286252
-0.9999999844857668
-0.9999999926637237
-0.9999999975875362
-0.9999999989174262
-0.9999999996193278
-0.9999999998353859
-0.999999999940218
-0.9999999999753593
-0.9999999999913392
-0.9999999999970198
-0.9999999999994628
-0.99999999999951
-0.9999999999971932
-0.9999999999916112
-0.99999999997625
-0.9999999999397496
-0.9999999998360585
-0.9999999996185263
-0.9999999989171402
-0.9999999975873277
-0.9999999926641073
-0.9999999844853154
-0.9999999482858406
-0.9999998982449627
-0.9999996178479531
-0.9999993165942218
-0.9999970266654317
-0.9999952836883061
-0.999975617197644
-0.9999664574457994
-0.9997896045157463
-0.9997535940929887
-0.9980947671097089
-0.9981265093562692
-0.9819107303815198
-0.9852071878648196
-0.8189417858924954
-0.8776807715742594
0.9592963986620046
0.06535427061285379
25.634787417397042
25.634787413021144
0.06535427053926335
0.9592963981026909
-0.8776807715905794
-0.8189417859692507
-0.9852071878677168
-0.9819107303916071
-0.9981265093567789
-0.9980947671116311
-0.9997535940928342
-0.9997896045162751
-0.9999664574461884
-0.9999756171973078
-0.9999952836880374
-0.9999970266651113
-0.9999993165945251
-0.9999996178476651
-0.9999998982447977
-0.9999999482857075
-0.9999999844857477
-0.9999999926627934
-0.999999997587147
-0.9999999989168167
-0.9999999996194564
-0.9999999998358717
-0.9999999999399289
-0.9999999999745108
-0.9999999999912013
-0.9999999999968359
-0.9999999999992704
-0.999999999999095
-0.9999999999966978
-0.99999999999141
-0.9999999999750806
-0.9999999999395603
-0.9999999998353353
-0.9999999996193495
-0.999999998917582
-0.9999999975869904
-0.9999999926633527
-0.9999999844856117
-0.9999999482860156
-0.9999998982451532
-0.9999996178478312
-0.9999993165945547
-0.9999970266655975
-0.9999952836884899
-0.9999756171973391
-0.999966457446132
-0.9997896045162813
-0.9997535940938239
-0.9980947671121003
-0.9981265093579201
-0.9819107303926577
-0.9852071878675845
-0.8189417859693413
-0.8776807715919421
0.9592963981020179
0.0653542705408029
25.634787413022405
25.634787402368666
0.06535427035618033
0.9592963967467909
-0.8776807716338103
-0.8189417861548834
-0.9852071878780067
-0.9819107304187459
-0.9981265093597289
-0.9980947671153744
-0.9997535940929738
-0.9997896045171661
-0.9999664574458733
-0.9999756171983566
-0.9999952836885659
-0.9999970266659429
-0.999999316594604
-0.999999617846806
-0.999999898244855
-0.9999999482864559
-0.999999984486104
-0.999999992663447
-0.9999999975872302
-0.9999999989166102
-0.9999999996192199
-0.9999999998355347
-0.9999999999404545
-0.9999999999753222
-0.9999999999920912
-0.9999999999976678
-0.999999999999012
-0.999999999999172
-0.999999999996749
-0.9999999999919952
-0.9999999999758915
-0.9999999999399212
-0.9999999998358398
-0.9999999996190492
-0.9999999989167636
-0.9999999975869909
-0.9999999926640892
-0.9999999844855276
-0.99999994828608
-0.9999998982449786
-0.9999996178473132
-0.9999993165943492
-0.9999970266648961
-0.9999952836885155
-0.9999756171984031
-0.9999664574468375
-0.9997896045174064
-0.999753594093363
-0.9980947671151896
-0.9981265093593872
-0.9819107304176956
-0.9852071878779294
-0.8189417861552755
-0.8776807716345674
0.9592963967456654
0.06535427035432402
25.63478740237147
25.634787376991458
0.06535426992083773
0.9592963935256534
-0.8776807717339514
-0.8189417865947529
-0.9852071879012022
-0.9819107304805387
-0.9981265093650149
-0.9980947671247915
-0.9997535940945418
-0.999789604518494
-0.9999664574460397
-0.9999756171981249
-0.9999952836880901
-0.9999970266656849
-0.9999993165944072
-0.9999996178473284
-0.9999998982451194
-0.999999948286447
-0.9999999844848116
-0.9999999926630738
-0.9999999975870566
-0.9999999989169608
-0.9999999996192224
-0.999999999835454
-0.9999999999397269
-0.9999999999753977
-0.9999999999911571
-0.9999999999971987
-0.9999999999988154
-0.999999999999331
-0.9999999999969487
-0.9999999999912343
-0.9999999999745366
-0.9999999999395495
-0.9999999998359802
-0.9999999996197967
-0.9999999989170587
-0.9999999975876965
-0.9999999926632384
-0.9999999844849865
-0.9999999482864957
-0.9999998982450138
-0.9999996178469251
-0.9999993165947128
-0.9999970266651099
-0.999995283688355
-0.9999756171978298
-0.9999664574462035
-0.9997896045190998
-0.9997535940944826
-0.998094767124535
-0.9981265093649481
-0.9819107304797485
-0.9852071879016233
-0.818941786594872
-0.877680771734033
0.959296393525386
0.06535426992253862
25.634787376989895
25.6347873167377
0.06535426889146662
0.9592963858906383
-0.8776807719748974
-0.8189417876370273
-0.9852071879579894
-0.9819107306283901
-0.9981265093772325
-0.9980947671461139
-0.9997535940964488
-0.9997896045217364
-0.9999664574467577
-0.9999756171988059
-0.9999952836883541
-0.99999702666533
-0.999999316594175
-0.9999996178481171
-0.999999898244817
-0.9999999482867122
-0.9999999844857272
-0.9999999926639009
-0.9999999975872564
-0.9999999989168138
-0.9999999996194247
-0.9999999998361795
-0.9999999999407427
-0.9999999999759304
-0.9999999999914077
-0.9999999999971048
-0.9999999999989546
-0.9999999999986827
-0.9999999999966875
-0.9999999999917757
-0.9999999999755785
-0.9999999999409219
-0.9999999998358833
-0.9999999996190239
-0.9999999989169597
-0.9999999975867668
-0.9999999926634595
-0.9999999844863826
-0.9999999482860521
-0.999999898244567
-0.9999996178465846
-0.9999993165948988
-0.9999970266653999
-0.9999952836887122
-0.9999756171992457
-0.9999664574474243
-0.9997896045217909
-0.9997535940957119
-0.9980947671458091
-0.9981265093757926
-0.9819107306288481
-0.9852071879575297
-0.8189417876373111
-0.8776807719735125
0.9592963858886838
0.0653542688902153
25.634787316738553
25.634787173637193
0.06535426644723338
0.9592963677939639
-0.8776807725413979
-0.8189417901021763
-0.9852071880909549
-0.9819107309775659
-0.9981265094052074
-0.998094767195729
-0.9997535941026612
-0.9997896045292347
-0.9999664574487412
-0.9999756172002663
-0.9999952836889461
-0.9999970266658619
-0.9999993165945726
-0.9999996178475302
-0.9999998982450281
-0.9999999482864544
-0.9999999844871388
-0.9999999926640738
-0.9999999975869707
-0.9999999989168147
-0.9999999996194049
-0.9999999998358968
-0.9999999999406667
-0.9999999999751141
-0.9999999999919567
-0.999999999996396
-0.9999999999989773
-0.999999999999361
-0.9999999999972883
-0.9999999999922136
-0.9999999999767687
-0.9999999999399862
-0.999999999836001
-0.9999999996186514
-0.9999999989172041
-0.9999999975876068
-0.9999999926638842
-0.9999999844859713
-0.9999999482853055
-0.9999998982441245
-0.9999996178484598
-0.999999316594707
-0.999997026665432
-0.9999952836895142
-0.9999756172000084
-0.9999664574478968
-0.9997896045281758
-0.9997535941017202
-0.998094767197075
-0.9981265094055001
-0.9819107309773794
-0.9852071880905147
-0.8189417901006529
-0.8776807725415382
0.9592963677939657
0.06535426644709211
25.634787173638735
25.634786833497873
0.0653542606513845
0.9592963248786853
-0.8776807738799237
-0.8189417959406117
-0.9852071884032311
-0.9819107318010336
-0.998126509473894
-0.9980947673172889
-0.9997535941168947
-0.9997896045468151
-0.9999664574502353
-0.9999756172023209
-0.9999952836889707
-0.9999970266665259
-0.9999993165947652
-0.9999996178477617
-0.9999998982443344
-0.9999999482854441
-0.9999999844850203
-0.9999999926625527
-0.9999999975873283
-0.9999999989172683
-0.9999999996196285
-0.9999999998355414
-0.9999999999393664
-0.999999999974813
-0.9999999999908922
-0.9999999999969277
-0.9999999999991128
-0.9999999999999811
-0.9999999999967264
-0.999999999991475
-0.9999999999746987
-0.9999999999392353
-0.9999999998354057
-0.9999999996195612
-0.9999999989171018
-0.9999999975875389
-0.9999999926628358
-0.9999999844849357
-0.9999999482861726
-0.9999998982457682
-0.9999996178481154
-0.9999993165949799
-0.9999970266664995
-0.9999952836892139
-0.9999756172014141
-0.9999664574502954
-0.9997896045473023
-0.9997535941170834
-0.9980947673177201
-0.9981265094739024
-0.9819107318008718
-0.9852071884037676
-0.8189417959412479
-0.8776807738802807
0.9592963248780279
0.06535426065575667
25.63478683349183
25.634786024193914
0.06535424689600786
0.9592962229981847
-0.8776807770608162
-0.8189418097846559
-0.9852071891462345
-0.9819107337535127
-0.9981265096353467
-0.9980947675991336
-0.9997535941490088
-0.9997896045885373
-0.9999664574570847
-0.999975617209161
-0.9999952836905767
-0.9999970266669739
-0.9999993165953793
-0.9999996178472401
-0.9999998982448302
-0.9999999482861057
-0.9999999844853559
-0.999999992663331
-0.9999999975871334
-0.999999998916453
-0.9999999996192881
-0.9999999998356025
-0.9999999999402139
-0.9999999999754245
-0.9999999999910032
-0.9999999999975173
-0.9999999999990454
-0.9999999999993787
-0.9999999999975642
-0.9999999999913001
-0.999999999974728
-0.9999999999405906
-0.9999999998354434
-0.9999999996204689
-0.9999999989167123
-0.9999999975869293
-0.9999999926631911
-0.9999999844860363
-0.9999999482862754
-0.999999898245407
-0.9999996178466978
-0.9999993165952241
-0.9999970266669551
-0.999995283689431
-0.9999756172091132
-0.9999664574566636
-0.9997896045895525
-0.9997535941485521
-0.9980947675988747
-0.9981265096354641
-0.9819107337541209
-0.985207189146267
-0.818941809785582
-0.8776807770603102
0.9592962230002557
0.06535424690099485
25.63478602419383
25.63478409648096
0.06535421423815625
0.959295980946312
-0.8776807846075672
-0.8189418426267128
-0.9852071909067721
-0.9819107383805519
-0.9981265100152736
-0.9980947682685786
-0.9997535942247471
-0.9997896046883553
-0.9999664574715247
-0.9999756172236618
-0.9999952836922612
-0.9999970266692637
-0.9999993165949923
-0.999999617847718
-0.9999998982451663
-0.9999999482865489
-0.9999999844854706
-0.9999999926633274
-0.9999999975871399
-0.9999999989164774
-0.9999999996197346
-0.9999999998356327
-0.9999999999401594
-0.9999999999752048
-0.9999999999911413
-0.9999999999968472
-0.9999999999990811
-0.999999999999045
-0.9999999999967202
-0.9999999999909661
-0.9999999999752849
-0.9999999999399158
-0.9999999998355564
-0.999999999618721
-0.9999999989161068
-0.9999999975876175
-0.9999999926636484
-0.9999999844851104
-0.9999999482862156
-0.999999898244294
-0.9999996178487078
-0.999999316595026
-0.9999970266688869
-0.9999952836928456
-0.9999756172236547
-0.9999664574711551
-0.9997896046879897
-0.9997535942258273
-0.9980947682690553
-0.9981265100152504
-0.9819107383797574
-0.9852071909066831
-0.8189418426265949
-0.8776807846075394
0.9592959809458861
0.06535421423820859
25.634784096479237
25.634779499230618
0.06535413658143678
0.9592954052559646
-0.8776808025292158
-0.8189419206064975
-0.985207195078081
-0.9819107493445915
-0.9981265109140226
-0.99809476985339
-0.9997535944058862
-0.9997896049204478
-0.9999664575046587
-0.9999756172576552
-0.9999952836988701
-0.9999970266739029
-0.9999993165957132
-0.9999996178485269
-0.999999898243824
-0.9999999482862071
-0.999999984485104
-0.9999999926631371
-0.9999999975864111
-0.9999999989165684
-0.9999999996188431
-0.9999999998348086
-0.9999999999395266
-0.9999999999741305
-0.9999999999911919
-0.9999999999958273
-0.9999999999990665
-0.9999999999987368
-0.9999999999957678
-0.9999999999912829
-0.999999999975179
-0.9999999999394431
-0.9999999998356937
-0.9999999996183142
-0.9999999989173036
-0.9999999975870941
-0.9999999926620629
-0.999999984485189
-0.999999948286107
-0.999999898244268
-0.9999996178492707
-0.9999993165946798
-0.9999970266747955
-0.9999952836984518
-0.9999756172586016
-0.9999664575048326
-0.9997896049209211
-0.9997535944061594
-0.9980947698524896
-0.9981265109139168
-0.9819107493448462
-0.9852071950784206
-0.8189419206075694
-0.8776808025292484
0.959295405252669
0.0653541365821058
25.63477949923258
25.634768520977484
0.06535395176701472
0.9592940345248719
-0.8776808451305079
-0.8189421059414992
-0.9852072049700693
-0.9819107753525728
-0.9981265130379093
-0.9980947735974032
-0.9997535948274984
-0.999789605468548
-0.9999664575831261
-0.9999756173380845
-0.9999952837108943
-0.9999970266844858
-0.9999993165964943
-0.9999996178481684
-0.9999998982429337
-0.9999999482847804
-0.9999999844831906
-0.9999999926614789
-0.9999999975849361
-0.999999998914773
-0.9999999996169215
-0.9999999998333089
-0.9999999999380058
-0.9999999999735544
-0.9999999999897262
-0.9999999999951155
-0.9999999999972141
-0.9999999999969249
-0.9999999999946302
-0.9999999999893671
-0.9999999999728861
-0.9999999999379706
-0.9999999998339825
-0.9999999996170064
-0.9999999989146919
-0.9999999975844958
-0.9999999926610021
-0.9999999844837704
-0.999999948284713
-0.9999998982431351
-0.9999996178481971
-0.9999993165959762
-0.9999970266851905
-0.9999952837108803
-0.9999756173382592
-0.9999664575835127
-0.9997896054687936
-0.9997535948275569
-0.9980947735968531
-0.9981265130375991
-0.9819107753522625
-0.9852072049698279
-0.8189421059410396
-0.8776808451300664
0.9592940345250784
0.06535395176347067
25.63476852097652
25.634742265887706
0.0653535114157548
0.9592907667954889
-0.8776809464801285
-0.818942546859465
-0.9852072284351789
-0.9819108370793259
-0.9981265180503963
-0.9980947824535393
-0.9997535958160917
-0.9997896067555911
-0.9999664577617648
-0.9999756175211348
-0.9999952837368806
-0.9999970267060769
-0.9999993165955069
-0.9999996178449974
-0.9999998982379124
-0.9999999482790068
-0.9999999844760223
-0.9999999926545526
-0.9999999975777525
-0.9999999989074582
-0.9999999996104592
-0.9999999998259204
-0.9999999999313232
-0.999999999966555
-0.9999999999818447
-0.9999999999879732
-0.9999999999896461
-0.9999999999895275
-0.9999999999878129
-0.9999999999813048
-0.9999999999667937
-0.9999999999312656
-0.9999999998268205
-0.9999999996096368
-0.9999999989071313
-0.9999999975781814
-0.9999999926549448
-0.9999999844765107
-0.9999999482784672
-0.9999998982373505
-0.9999996178450414
-0.9999993165953862
-0.9999970267051919
-0.9999952837369028
-0.9999756175215699
-0.9999664577616191
-0.9997896067550001
-0.9997535958161803
-0.9980947824535766
-0.9981265180509509
-0.9819108370790941
-0.9852072284357623
-0.818942546859216
-0.8776809464778208
0.9592907667935311
0.06535351141505548
25.634742265893095
25.63467937121824
0.06535246091174057
0.9592829661176396
-0.8776811878006398
-0.8189435969644382
-0.9852072841005421
-0.981910983676102
-0.9981265298648252
-0.9980948033916544
-0.9997535981183727
-0.999789609767981
-0.9999664581622698
-0.9999756179355319
-0.9999952837824047
-0.9999970267406185
-0.9999993165783472
-0.9999996178245578
-0.9999998982095665
-0.9999999482481468
-0.9999999844465383
-0.9999999926239493
-0.9999999975480715
-0.9999999988779049
-0.9999999995804112
-0.9999999997961669
-0.99999999990093
-0.9999999999348335
-0.9999999999518684
-0.9999999999575134
-0.9999999999605023
-0.9999999999600531
-0.9999999999579683
-0.9999999999517655
-0.9999999999361856
-0.9999999998997008
-0.9999999997957716
-0.9999999995795741
-0.9999999988783561
-0.9999999975478417
-0.9999999926240437
-0.9999999844463897
-0.9999999482484998
-0.9999998982095161
-0.999999617825006
-0.9999993165784749
-0.999997026739794
-0.999995283782231
-0.9999756179349828
-0.9999664581622547
-0.9997896097675154
-0.9997535981188017
-0.9980948033921044
-0.9981265298647733
-0.9819109836753855
-0.9852072840997875
-0.8189435969636971
-0.8776811878010764
0.9592829661155651
0.06535246090863034
25.634679371223196
25.63452842382893
0.06534995137344486
0.9592643161088625
-0.8776817629002599
-0.8189461008559397
-0.9852074161149156
-0.9819113320105828
-0.9981265576410879
-0.9980948528457944
-0.9997536034282433
-0.9997896167824284
-0.9999664590257148
-0.999975618840734
-0.9999952838251898
-0.9999970267615007
-0.9999993164777279
-0.9999996177178485
-0.9999998980847801
-0.9999999481238172
-0.9999999843186796
-0.9999999924966524
-0.9999999974199874
-0.9999999987498023
-0.9999999994514607
-0.9999999996683767
-0.9999999997717519
-0.9999999998081206
-0.999999999823515
-0.9999999998299933
-0.9999999998315604
-0.99999999983137
-0.9999999998284872
-0.9999999998240202
-0.9999999998072882
-0.9999999997722986
-0.9999999996683835
-0.999999999451796
-0.9999999987492809
-0.9999999974191469
-0.9999999924965962
-0.9999999843191371
-0.9999999481239227
-0.9999998980858613
-0.999999617717408
-0.999999316477328
-0.9999970267601941
-0.9999952838254571
-0.9999756188403993
-0.9999664590268021
-0.9997896167819776
-0.9997536034284569
-0.998094852845107
-0.9981265576407243
-0.981911332011846
-0.98520741611498
-0.8189461008573556
-0.8776817628990168
0.9592643161091639
0.06534995137608984
25.634528423826172
25.634165380451577
0.0653439474200477
0.9592196510948277
-0.877683134471096
-0.8189520786635185
-0.9852077289544449
-0.9819121600096106
-0.9981266226788743
-0.9980949694538379
-0.9997536155061494
-0.9997896329567539
-0.9999664607462357
-0.999975620682788
-0.9999952836634315
-0.9999970265543353
-0.9999993159932836
-0.9999996172193655
-0.9999998975498945
-0.9999999475862782
-0.9999999837755793
-0.9999999919532494
-0.9999999968746727
-0.9999999982040894
-0.9999999989061992
-0.9999999991228139
-0.9999999992280302
-0.9999999992632254
-0.999999999279078
-0.9999999992840227
-0.9999999992864871
-0.999999999285739
-0.9999999992850168
-0.9999999992792141
-0.9999999992635105
-0.9999999992274171
-0.9999999991239563
-0.9999999989058761
-0.9999999982052145
-0.9999999968744424
-0.999999991953366
-0.9999999837753424
-0.9999999475865577
-0.9999998975489981
-0.999999617220029
-0.9999993159934316
-0.9999970265550294
-0.9999952836635806
-0.999975620683919
-0.9999664607456558
-0.9997896329562774
-0.9997536155069167
-0.9980949694539069
-0.9981266226793176
-0.9819121600078115
-0.9852077289551873
-0.8189520786645408
-0.8776831344698112
0.9592196510952374
0.0653439474231445
25.634165380446277
25.633290101124363
0.06532955978075372
0.9591124756641924
-0.8776864075157342
-0.8189663690675515
-0.9852084690540707
-0.9819141283408788
-0.9981267739249017
-0.998095243560228
-0.9997536422772557
-0.9997896696190034
-0.9999664635323269
-0.9999756238279902
-0.999995282173556
-0.9999970249805884
-0.9999993137893324
-0.9999996149877957
-0.9999998952321273
-0.9999999452616266
-0.9999999814416731
-0.9999999896175529
-0.9999999945379956
-0.9999999958675914
-0.999999996569656
-0.9999999967857728
-0.9999999968897557
-0.9999999969246378
-0.9999999969413766
-0.9999999969470592
-0.9999999969491936
-0.9999999969492847
-0.9999999969464608
-0.9999999969410991
-0.999999996925218
-0.9999999968903137
-0.9999999967852055
-0.9999999965697101
-0.9999999958676906
-0.9999999945377656
-0.9999999896163768
-0.9999999814413814
-0.9999999452620796
-0.9999998952319573
-0.9999996149877763
-0.9999993137899054
-0.9999970249797149
-0.9999952821740552
-0.9999756238275939
-0.9999664635328909
-0.9997896696192031
-0.9997536422763336
-0.9980952435595171
-0.9981267739245994
-0.981914128340071
-0.9852084690549688
-0.8189663690662243
-0.877686407517019
0.9591124756644047
0.06532955978028362
25.63329010112264
25.63117390190231
0.06529502057050601
0.9588547369030639
-0.877694220149734
-0.8190005784974514
-0.9852102145374619
-0.9819188056544539
-0.9981271216055694
-0.9980958844205262
-0.999753698687182
-0.9997897500826414
-0.9999664648967361
-0.9999756262617827
-0.9999952739504399
-0.9999970166194041
-0.9999993040075481
-0.9999996051526954
-0.9999998852106868
-0.9999999352291227
-0.9999999713833521
-0.9999999795573608
-0.9999999844753742
-0.9999999858049383
-0.9999999865064395
-0.9999999867228445
-0.9999999868268867
-0.9999999868630234
-0.9999999868783656
-0.9999999868837464
-0.9999999868858993
-0.9999999868860809
-0.9999999868841324
-0.999999986878704
-0.9999999868621725
-0.9999999868264509
-0.9999999867230519
-0.9999999865069732
-0.9999999858046165
-0.999999984476118
-0.9999999795580945
-0.9999999713841466
-0.9999999352285622
-0.9999998852104788
-0.9999996051518397
-0.9999993040068408
-0.9999970166195438
-0.9999952739510631
-0.9999756262613042
-0.9999664648958109
-0.9997897500820861
-0.9997536986877098
-0.9980958844207335
-0.9981271216067349
-0.9819188056546927
-0.985210214538273
-0.8190005784966423
-0.8776942201487041
0.9588547369055236
0.06529502057638979
25.631173901900027
25.626040584360908
0.0652119468177362
0.9582333470640934
-0.8777128622632291
-0.8190825848929517
-0.9852143086689459
-0.9819299067656826
-0.99812790484922
-0.998097368608144
-0.9997538049466083
-0.999789915229617
-0.999966446329672
-0.9999756108665173
-0.999995234271676
-0.9999969767832331
-0.9999992610025388
-0.9999995620607642
-0.9999998417117479
-0.9999998917130769
-0.9999999278160957
-0.9999999359867966
-0.9999999408983864
-0.9999999422265218
-0.9999999429277442
-0.9999999431440036
-0.9999999432483786
-0.9999999432842444
-0.9999999432991855
-0.9999999433061681
-0.9999999433073713
-0.999999943307264
-0.9999999433054877
-0.9999999432998665
-0.9999999432833342
-0.9999999432492306
-0.9999999431437375
-0.9999999429277981
-0.9999999422263939
-0.9999999408984745
-0.9999999359873901
-0.9999999278155909
-0.999999891712934
-0.9999998417120114
-0.9999995620604678
-0.9999992610030402
-0.999996976783598
-0.9999952342722697
-0.9999756108656983
-0.9999664463295597
-0.99978991522973
-0.9997538049467574
-0.9980973686090702
-0.9981279048497463
-0.9819299067648863
-0.985214308669451
-0.8190825848927191
-0.8777128622647102
0.9582333470641118
0.06521194681480554
25.62604058436411
25.613539667890514
0.06501173506273458
0.9567308112998701
-0.8777572828267696
-0.8192794235659805
-0.9852238200391534
-0.9819561849653973
-0.998129604202217
-0.9981007474658206
-0.9997539466207821
-0.9997902022276481
-0.9999663097261393
-0.9999754835910901
-0.9999950522692889
-0.999996794859787
-0.9999990721212311
-0.9999993730681902
-0.9999996518491971
-0.999999701823376
-0.999999737819713
-0.9999997459862404
-0.9999997508843392
-0.9999997522130646
-0.9999997529122593
-0.9999997531286315
-0.9999997532315549
-0.9999997532667966
-0.9999997532828877
-0.9999997532898331
-0.99999975329054
-0.9999997532914584
-0.9999997532884242
-0.9999997532834244
-0.9999997532667233
-0.9999997532326006
-0.9999997531275111
-0.9999997529130826
-0.9999997522129644
-0.9999997508856591
-0.999999745984638
-0.9999997378196377
-0.9999997018233799
-0.9999996518495606
-0.9999993730685628
-0.9999990721218264
-0.9999967948602065
-0.9999950522686589
-0.9999754835907213
-0.9999663097266072
-0.9997902022282689
-0.9997539466213037
-0.9981007474659747
-0.9981296042019487
-0.9819561849638527
-0.9852238200397238
-0.8192794235652378
-0.8777572828276979
0.9567308112981585
0.06501173506066618
25.613539667893015
25.58295213108741
0.06452822750699108
0.9530851105207054
-0.8778627809963275
-0.8197523729500433
-0.9852455430946647
-0.9820180740101622
-0.9981330154924528
-0.998108192706361
-0.9997538273490448
-0.9997904444564489
-0.9999655847819515
-0.9999747857667316
-0.9999942328186651
-0.9999959767521287
-0.9999982389960522
-0.9999985399008232
-0.9999988168606597
-0.9999988668111996
-0.9999989025900817
-0.9999989107518206
-0.9999989156252338
-0.9999989169522477
-0.9999989176479562
-0.9999989178646342
-0.9999989179685691
-0.9999989180046244
-0.9999989180202837
-0.9999989180241085
-0.999998918026198
-0.9999989180276594
-0.9999989180250669
-0.9999989180209242
-0.9999989180030248
-0.9999989179682915
-0.9999989178647641
-0.9999989176485264
-0.9999989169512951
-0.9999989156247149
-0.9999989107519258
-0.9999989025904401
-0.99999886680986
-0.9999988168608968
-0.9999985399009135
-0.9999982389958234
-0.9999959767524769
-0.9999942328192666
-0.9999747857665986
-0.9999655847813467
-0.9997904444558908
-0.9997538273502466
-0.9981081927062243
-0.9981330154926079
-0.9820180740084119
-0.9852455430953924
-0.8197523729493195
-0.8778627809964008
0.9530851105204836
0.06452822750390105
25.582952131087083
25.507670230854487
0.06335832231734347
0.9442031767301109
-0.878111665548512
-0.8208891878992706
-0.985293611125148
-0.9821624469277213
-0.9981386238346444
-0.998123514218793
-0.9997516115137959
-0.999789133963789
-0.9999620948379058
-0.9999713732318434
-0.9999905547121024
-0.9999923046149268
-0.9999945351251294
-0.9999948364269254
-0.9999951096625997
-0.9999951596325211
-0.9999951949807763
-0.999995203142954
-0.9999952079660317
-0.9999952092938044
-0.9999952099843048
-0.9999952102006803
-0.9999952103032086
-0.9999952103388176
-0.9999952103549496
-0.9999952103608816
-0.9999952103627008
-0.9999952103623133
-0.9999952103604093
-0.999995210354568
-0.9999952103389715
-0.9999952103036571
-0.9999952102005505
-0.9999952099846813
-0.9999952092937026
-0.9999952079669588
-0.999995203142571
-0.9999951949801427
-0.9999951596319696
-0.9999951096625277
-0.9999948364261624
-0.9999945351249144
-0.999992304614959
-0.999990554712046
-0.9999713732311013
-0.9999620948379369
-0.9997891339644267
-0.9997516115133861
-0.9981235142180213
-0.9981386238348644
-0.9821624469267183
-0.9852936111259762
-0.8208891878994073
-0.8781116655486758
0.9442031767264303
0.06335832231112459
25.507670230861258
25.321005732858954
0.06052339786798121
0.9224586946639757
-0.878691189444742
-0.8236192627250628
-0.9853933811729266
-0.9824932092762486
-0.9981416823140026
-0.9981500086170662
-0.9997379095211893
-0.9997777071854692
-0.9999458411865585
-0.9999553349484199
-0.9999739490952766
-0.9999757193066219
-0.9999778844103769
-0.9999781876586613
-0.9999784534780138
-0.9999785036395925
-0.9999785381583932
-0.9999785463404129
-0.999978551072858
-0.9999785524018748
-0.9999785530833705
-0.9999785532995704
-0.9999785534015279
-0.9999785534364211
-0.9999785534515315
-0.9999785534585723
-0.9999785534597168
-0.9999785534599999
-0.9999785534581344
-0.9999785534518125
-0.9999785534362957
-0.9999785534007156
-0.9999785532995346
-0.9999785530830766
-0.999978552401847
-0.9999785510729687
-0.9999785463399886
-0.9999785381579233
-0.999978503639763
-0.9999784534777484
-0.9999781876583766
-0.9999778844107583
-0.9999757193077128
-0.9999739490958923
-0.9999553349482815
-0.9999458411861888
-0.9997777071863418
-0.999737909521292
-0.9981500086176192
-0.9981416823139024
-0.9824932092743401
-0.9853933811716189
-0.8236192627246215
-0.878691189444585
0.9224586946601225
0.06052339786214797
25.32100573286892
24.853635845464083
0.05365078173156117
0.8689121985659122
-0.8800062423439544
-0.8301526117051871
-0.9855708311157798
-0.98322433672431
-0.9981052198590641
-0.9981701167532226
-0.9996673690562674
-0.9997128676368143
-0.999870549665903
-0.9998806221965063
-0.9998980563538589
-0.9998998865216602
-0.9999019206798292
-0.9999022302883387
-0.9999024817717515
-0.9999025326212794
-0.9999025655872665
-0.9999025738445433
-0.9999025784105573
-0.9999025797488081
-0.9999025804113131
-0.9999025806279822
-0.9999025807283484
-0.999902580763708
-0.9999025807801083
-0.9999025807848847
-0.9999025807869459
-0.9999025807878187
-0.9999025807849071
-0.9999025807793085
-0.999902580763584
-0.9999025807284314
-0.9999025806282292
-0.9999025804115826
-0.9999025797479826
-0.9999025784112452
-0.9999025738450052
-0.9999025655883593
-0.9999025326216642
-0.9999024817715112
-0.9999022302877949
-0.9999019206802131
-0.9998998865205466
-0.9998980563541808
-0.9998806221967476
-0.9998705496661839
-0.9997128676356646
-0.9996673690569651
-0.9981701167540653
-0.9981052198586284
-0.9832243367243454
-0.9855708311182068
-0.8301526117058359
-0.8800062423424007
0.8689121985674138
0.05365078173387558
24.853635845463465
23.667729636909684
0.03701868620814818
0.7361290100515359
-0.882833589209914
-0.8456501642117704
-0.9857407002352865
-0.9847176773847355
-0.9978245257091107
-0.9980254736143852
-0.9993228820654175
-0.9993824702227195
-0.999518163037052
-0.9995297199921216
-0.9995447776365011
-0.9995467667517821
-0.9995485473871066
-0.9995488741954817
-0.9995490988829877
-0.9995491516026349
-0.9995491817565976
-0.9995491902168887
-0.9995491944882113
-0.9995491958480498
-0.9995491964800425
-0.9995491967001372
-0.9995491967970349
-0.9995491968326154
-0.9995491968479893
-0.9995491968527449
-0.9995491968559393
-0.9995491968557979
-0.9995491968524952
-0.9995491968483177
-0.999549196832346
-0.9995491967968994
-0.9995491967004149
-0.9995491964807759
-0.9995491958478135
-0.9995491944878676
-0.9995491902163429
-0.9995491817574575
-0.9995491516042232
-0.9995490988843057
-0.9995488741955116
-0.999548547387861
-0.999546766752089
-0.9995447776371238
-0.9995297199914899
-0.9995181630380021
-0.9993824702230718
-0.9993228820664419
-0.9980254736133818
-0.9978245257094187
-0.9847176773858816
-0.9857407002356435
-0.8456501642116965
-0.882833589208581
0.7361290100518386
0.037018686207574765
23.667729636906536
20.59966538824725
-0.002997171885026774
0.404233041703983
-0.8881696018458387
-0.8816763604169006
-0.9850420656967298
-0.9871597816226422
-0.9962525843469745
-0.9967766404063295
-0.9976468833211743
-0.9977402554721881
-0.9978313189963258
-0.9978464530584683
-0.9978569014411427
-0.9978592713356547
-0.9978605792347524
-0.9978609465653427
-0.9978611229658708
-0.9978611799841459
-0.997861205215387
-0.9978612141298466
-0.9978612178998298
-0.9978612193077583
-0.9978612198887827
-0.997861220113679
-0.9978612202046131
-0.9978612202409718
-0.9978612202554291
-0.997861220261089
-0.9978612202633546
-0.9978612202635952
-0.9978612202612871
-0.9978612202557124
-0.9978612202413389
-0.9978612202046802
-0.9978612201137508
-0.9978612198884941
-0.997861219307155
-0.9978612179004929
-0.9978612141297922
-0.997861205215382
-0.9978611799833088
-0.9978611229650638
-0.997860946564705
-0.9978605792354884
-0.9978592713362606
-0.9978569014415917
-0.9978464530573739
-0.9978313189943961
-0.9977402554723602
-0.9976468833214026
-0.9967766404061176
-0.9962525843473498
-0.9871597816224571
-0.9850420656969674
-0.8816763604167339
-0.8881696018442458
0.4042330417052781
-0.002997171881330113
20.59966538824453
12.413599258679028
-0.09812879005812056
-0.4314088614377881
-0.8944414390462299
-0.9615433112675305
-0.9782742310803498
-0.9877147016120367
-0.9880176089560839
-0.9892863362611444
-0.9892795210108143
-0.9894497296898337
-0.9894538641076209
-0.9894769580015909
-0.9894788049699883
-0.9894819972365745
-0.9894824541324363
-0.989482905873224
-0.989482998147672
-0.9894830637485499
-0.9894830806918911
-0.9894830904678643
-0.9894830934289962
-0.9894830949204974
-0.9894830954241689
-0.9894830956561211
-0.9894830957411104
-0.9894830957774178
-0.9894830957919221
-0.9894830957977723
-0.9894830958000703
-0.9894830957991573
-0.9894830957979286
-0.9894830957920451
-0.9894830957782752
-0.9894830957406806
-0.9894830956572738
-0.9894830954230812
-0.989483094920439
-0.9894830934279255
-0.9894830904675933
-0.9894830806917827
-0.9894830637483634
-0.9894829981484883
-0.9894829058739124
-0.9894824541317874
-0.9894819972353621
-0.9894788049694953
-0.9894769580020764
-0.989453864107718
-0.9894497296899349
-0.9892795210103774
-0.9892863362605953
-0.9880176089555364
-0.987714701610413
-0.9782742310797639
-0.961543311268336
-0.8944414390433926
-0.43140886143904333
-0.0981287900638033
12.413599258671145
-10.703898776929426
-0.3224814210960826
-2.5328363921589387
-0.8785259464004638
-1.1161068049597656
-0.9359415155760109
-0.9616149601821107
-0.9437095076458003
-0.9465784413926949
-0.9448667687992349
-0.9451977181544512
-0.9450386954792751
-0.9450781839979416
-0.9450639682141161
-0.9450688604993167
-0.9450676797212878
-0.9450683104420886
-0.9450682283604126
-0.9450683128763346
-0.9450683102345259
-0.9450683219533935
-0.9450683225643834
-0.9450683242349333
-0.9450683244335567
-0.9450683246766904
-0.9450683247188738
-0.9450683247549052
-0.945068324762693
-0.9450683247672533
-0.9450683247677071
-0.9450683247675158
-0.9450683247664176
-0.9450683247623085
-0.9450683247541031
-0.9450683247188514
-0.9450683246778572
-0.9450683244334892
-0.9450683242347195
-0.9450683225646253
-0.9450683219529343
-0.945068310236252
-0.9450683128761254
-0.9450682283597243
-0.9450683104399134
-0.9450676797213505
-0.9450688605004812
-0.9450639682144713
-0.9450781839977456
-0.9450386954784106
-0.9451977181552526
-0.9448667687987973
-0.9465784413926168
-0.9437095076454503
-0.9616149601827869
-0.9359415155777783
-1.1161068049605158
-0.8785259463984316
-2.5328363921575563
-0.32248142108975075
-10.703898776924575
-85.73125009843274
-0.9374115363824495
-7.60144414360319
-0.6347594154962186
-1.2103498878129901
-0.6380942964706435
-0.6912984871297319
-0.6445212709446293
-0.6494985043368381
-0.6457373402196875
-0.6461899789940735
-0.6458969862579645
-0.6459345108651118
-0.645912561925814
-0.6459148640861168
-0.6459132239679332
-0.6459131792067467
-0.6459130327572034
-0.6459129767621868
-0.6459129561415511
-0.6459129410455986
-0.645912936881597
-0.6459129336483178
-0.6459129327391002
-0.6459129321043613
-0.6459129319154862
-0.6459129317954142
-0.6459129317577368
-0.6459129317348788
-0.645912931731084
-0.6459129317304115
-0.6459129317375127
-0.6459129317567212
-0.6459129317910446
-0.6459129319149588
-0.6459129321062391
-0.645912932739078
-0.6459129336468418
-0.6459129368823644
-0.6459129410471947
-0.6459129561420758
-0.6459129767589249
-0.6459130327590171
-0.6459131792037331
-0.6459132239681034
-0.6459148640867501
-0.6459125619253787
-0.6459345108659069
-0.6458969862550075
-0.6461899789926542
-0.6457373402229946
-0.6494985043331882
-0.6445212709450947
-0.6912984871301525
-0.6380942964702859
-1.2103498878136012
-0.6347594154897183
-7.601444143605972
-0.9374115363778217
-85.73125009843326
-574.1706855389345
-0.2245593270917644
-13.444873614266612
25.24714906056819
24.68915522643057
28.168768929400613
28.18069685565778
28.52537979057218
28.53462309705926
28.5708367486489
28.57282356503994
28.576812108120222
28.577160168203847
28.57761918914415
28.577675887133083
28.577731079364042
28.57774005060384
28.57774698791099
28.577748393363606
28.577749304655292
28.577749524726492
28.577749649601962
28.577749684212435
28.577749701982846
28.577749707470062
28.57774971006763
28.577749710969584
28.577749711356066
28.57774971149116
28.57774971154602
28.577749711533485
28.577749711468613
28.5777497113699
28.57774971094029
28.577749710099283
28.577749707479665
28.577749701980977
28.577749684202274
28.57774964959585
28.57774952471565
28.577749304673763
28.57774839337401
28.577746987916512
28.57774005058991
28.577731079362444
28.57767588713259
28.57761918914131
28.577160168227085
28.57681210811927
28.572823565048274
28.570836748638033
28.534623097034302
28.52537979057408
28.180696855656702
28.16876892941105
24.689155226442015
25.247149060578735
-13.444873614279029
-0.2245593271023779
-574.1706855389285