574.1706855389157
0.22455932709529378
13.444873614261759
-25.247149060565313
-24.689155226433698
-28.168768929394325
-28.180696855659782
-28.525379790568714
-28.534623097057523
-28.570836748641746
-28.572823565050474
-28.576812108122255
-28.577160168207214
-28.577619189135227
-28.577675887143315
-28.577731079345035
-28.57774005063382
-28.577746987894326
-28.577748393393946
-28.57774930465181
-28.577749524731132
-28.577749649597152
-28.57774968419085
-28.57774970198906
-28.577749707466943
-28.57774971009121
-28.577749710945405
-28.577749711347934
-28.577749711471412
-28.577749711522287
-28.57774971156174
-28.577749711472393
-28.577749711361754
-28.57774971097019
-28.57774971009453
-28.57774970746055
-28.57774970198619
-28.57774968418952
-28.57774964961591
-28.577749524761195
-28.577749304661104
-28.577748393376517
-28.577746987897495
-28.57774005059045
-28.577731079362827
-28.57767588710856
-28.577619189125713
-28.5771601682114
-28.576812108144296
-28.57282356504909
-28.57083674860691
-28.534623097029225
-28.52537979055105
-28.18069685576595
-28.16876892939718
-24.689155226447255
-25.247149060568148
13.444873614323843
0.22455932704801146
574.170685538941
85.73125009843145
0.9374115363836069
7.601444143601389
0.6347594154956233
1.2103498878130217
0.6380942964710311
0.6912984871305656
0.6445212709437322
0.6494985043370922
0.6457373402182284
0.6461899789930401
0.6458969862577775
0.6459345108668846
0.6459125619273237
0.6459148640866532
0.6459132239673322
0.6459131792055799
0.6459130327568665
0.6459129767612091
0.6459129561409651
0.6459129410485325
0.6459129368805716
0.645912933649045
0.6459129327389577
0.6459129321048991
0.6459129319131025
0.6459129317956334
0.6459129317603721
0.6459129317358627
0.6459129317333181
0.6459129317285491
0.6459129317387149
0.6459129317578105
0.6459129317957952
0.6459129319144323
0.6459129321066265
0.6459129327388562
0.6459129336505193
0.645912936879693
0.6459129410435057
0.6459129561413048
0.6459129767611433
0.6459130327570334
0.6459131792089731
0.6459132239656771
0.6459148640868398
0.6459125619276846
0.6459345108655112
0.645896986254587
0.6461899789958169
0.6457373402213757
0.6494985043367021
0.6445212709461728
0.6912984871246223
0.6380942964685221
1.2103498878113248
0.6347594154928156
7.60144414360976
0.9374115363769466
85.73125009844102
10.70389877691833
0.32248142109568595
2.5328363921569608
0.878525946400547
1.116106804959196
0.935941515575334
0.9616149601824938
0.9437095076456483
0.9465784413927394
0.9448667687989549
0.9451977181548564
0.9450386954789072
0.9450781839978005
0.9450639682143316
0.9450688604996058
0.9450676797218717
0.9450683104411295
0.945068228359666
0.945068312876292
0.9450683102337505
0.9450683219527614
0.9450683225638099
0.9450683242351443
0.9450683244338951
0.9450683246767391
0.9450683247183038
0.9450683247538243
0.9450683247619212
0.9450683247661793
0.9450683247682544
0.9450683247673008
0.9450683247670201
0.9450683247625933
0.945068324753974
0.9450683247182387
0.945068324676693
0.9450683244347226
0.945068324234728
0.9450683225643104
0.9450683219522005
0.9450683102339619
0.9450683128762606
0.9450682283589111
0.9450683104409491
0.9450676797211357
0.9450688604996893
0.9450639682148505
0.9450781839982978
0.945038695477967
0.9451977181552185
0.9448667687992023
0.9465784413922308
0.9437095076470564
0.9616149601803003
0.9359415155771531
1.1161068049582579
0.8785259464007105
2.532836392157895
0.32248142109550587
10.703898776921367
-12.413599258674433
0.09812879006158945
0.43140886143796947
0.8944414390458615
0.9615433112672334
0.9782742310801902
0.9877147016112038
0.9880176089559134
0.9892863362611308
0.9892795210110366
0.989449729689186
0.9894538641082702
0.9894769580019815
0.9894788049704697
0.9894819972356399
0.9894824541320049
0.989482905874069
0.9894829981482773
0.9894830637484291
0.9894830806922547
0.9894830904677134
0.98948309342845
0.9894830949206459
0.9894830954243441
0.9894830956567413
0.9894830957411647
0.9894830957777618
0.9894830957921583
0.9894830957969942
0.9894830957998118
0.989483095799937
0.9894830957976468
0.9894830957928578
0.9894830957778303
0.9894830957416991
0.9894830956563088
0.9894830954247622
0.9894830949207688
0.9894830934287719
0.9894830904682321
0.9894830806924501
0.9894830637478291
0.9894829981478572
0.9894829058735404
0.9894824541315194
0.9894819972351796
0.9894788049708846
0.9894769580023022
0.9894538641084036
0.9894497296890745
0.9892795210102648
0.9892863362613974
0.9880176089559654
0.9877147016108779
0.978274231081148
0.9615433112672573
0.8944414390453489
0.4314088614385767
0.09812879006060399
-12.413599258675376
-20.59966538824028
0.002997171883767607
-0.4042330417047879
0.8881696018446452
0.8816763604167757
0.9850420656964507
0.9871597816221771
0.9962525843471741
0.9967766404062517
0.9976468833211258
0.997740255471685
0.9978313189956383
0.99784645305795
0.9978569014412146
0.9978592713357379
0.9978605792354673
0.997860946565314
0.9978611229663497
0.9978611799836133
0.9978612052154949
0.9978612141292136
0.9978612179002946
0.9978612193068936
0.997861219889185
0.9978612201133348
0.9978612202053161
0.9978612202406769
0.9978612202558945
0.9978612202607635
0.9978612202634404
0.9978612202637281
0.9978612202612929
0.9978612202559545
0.9978612202414628
0.9978612202049568
0.9978612201133292
0.9978612198887574
0.9978612193074619
0.9978612179005824
0.9978612141300495
0.9978612052153422
0.9978611799834469
0.9978611229653955
0.9978609465651906
0.9978605792347752
0.9978592713356542
0.9978569014415837
0.9978464530584772
0.9978313189959274
0.997740255471539
0.9976468833202139
0.9967766404065664
0.9962525843467928
0.9871597816225988
0.9850420656972769
0.8816763604170326
0.8881696018450489
-0.40423304170523877
0.002997171884107418
-20.599665388238837
-23.667729636923703
-0.03701868620425455
-0.7361290100511813
0.8828335892095138
0.8456501642122785
0.9857407002356386
0.9847176773849576
0.9978245257097607
0.9980254736137497
0.9993228820660431
0.9993824702229452
0.9995181630374558
0.9995297199909123
0.9995447776357679
0.9995467667517006
0.9995485473879373
0.9995488741955834
0.9995490988837843
0.9995491516031614
0.9995491817560813
0.9995491902163463
0.9995491944884656
0.999549195847131
0.9995491964803376
0.9995491966996682
0.9995491967965298
0.9995491968317203
0.9995491968470307
0.9995491968527417
0.9995491968551802
0.999549196855392
0.999549196853299
0.9995491968475272
0.9995491968327646
0.9995491967966251
0.999549196699653
0.9995491964802219
0.9995491958473198
0.9995491944886068
0.999549190216824
0.9995491817556749
0.9995491516030006
0.9995490988825451
0.9995488741959625
0.9995485473878888
0.9995467667520292
0.9995447776361209
0.9995297199910267
0.9995181630373442
0.9993824702229602
0.9993228820650271
0.9980254736138556
0.9978245257089824
0.9847176773848554
0.9857407002357685
0.8456501642117904
0.8828335892093548
-0.7361290100514313
-0.03701868620498519
-23.66772963692327
-24.85363584546395
-0.053650781728878126
-0.8689121985674031
0.8800062423432805
0.8301526117051194
0.9855708311161548
0.9832243367251958
0.9981052198597097
0.9981701167546158
0.9996673690562852
0.9997128676365439
0.9998705496660578
0.99988062219752
0.9998980563545072
0.999899886521318
0.9999019206795102
0.999902230287906
0.9999024817711006
0.9999025326212201
0.9999025655872292
0.9999025738453318
0.9999025784107961
0.9999025797480208
0.9999025804112954
0.9999025806284725
0.999902580728365
0.9999025807640605
0.9999025807796689
0.9999025807854245
0.9999025807874944
0.9999025807875539
0.9999025807854106
0.999902580779467
0.9999025807637592
0.999902580728913
0.999902580628147
0.9999025804121706
0.9999025797475364
0.9999025784114317
0.9999025738447942
0.9999025655880034
0.9999025326213338
0.9999024817708867
0.9999022302885227
0.999901920680182
0.9998998865214828
0.9998980563545375
0.9998806221969587
0.9998705496661228
0.9997128676366172
0.9996673690571064
0.9981701167547554
0.9981052198598483
0.9832243367255171
0.9855708311158544
0.8301526117050293
0.8800062423431361
-0.8689121985673236
-0.0536507817284982
-24.853635845463373
-25.32100573285227
-0.06052339786557541
-0.9224586946630424
0.8786911894453726
0.8236192627242609
0.9853933811729175
0.9824932092765726
0.9981416823130298
0.9981500086168646
0.9997379095209878
0.9997777071850169
0.9999458411864897
0.9999553349484852
0.9999739490956479
0.9999757193066702
0.9999778844100875
0.9999781876587822
0.9999784534776318
0.9999785036398063
0.9999785381586509
0.999978546341576
0.9999785510736628
0.9999785524024004
0.999978553082989
0.999978553299416
0.999978553401005
0.9999785534371345
0.9999785534526653
0.9999785534579482
0.9999785534605786
0.999978553460208
0.9999785534577299
0.9999785534519157
0.9999785534363429
0.9999785534016541
0.9999785532994796
0.9999785530838112
0.9999785524018039
0.9999785510730539
0.9999785463396249
0.9999785381589782
0.9999785036400841
0.9999784534770537
0.9999781876601043
0.9999778844097653
0.9999757193071119
0.9999739490953943
0.9999553349481971
0.9999458411858647
0.9997777071857656
0.9997379095211216
0.998150008616741
0.9981416823125959
0.982493209274685
0.9853933811710249
0.8236192627236151
0.8786911894439621
-0.9224586946616151
-0.060523397865036625
-25.32100573285075
-25.507670230871028
-0.06335832231224442
-0.9442031767280206
0.878111665550239
0.8208891878993707
0.9852936111251618
0.9821624469275207
0.998138623835002
0.9981235142178175
0.9997516115136845
0.9997891339637665
0.999962094838433
0.9999713732310106
0.9999905547119898
0.9999923046146475
0.9999945351251991
0.9999948364258147
0.9999951096623259
0.9999951596313712
0.99999519497985
0.999995203142618
0.9999952079663883
0.9999952092929518
0.9999952099842224
0.9999952102001415
0.9999952103030483
0.9999952103390455
0.999995210354979
0.9999952103597941
0.9999952103629368
0.9999952103618286
0.9999952103597061
0.9999952103542877
0.9999952103386482
0.9999952103036998
0.999995210200751
0.9999952099846394
0.9999952092935775
0.9999952079658797
0.9999952031416715
0.9999951949806665
0.9999951596320191
0.9999951096622303
0.9999948364275071
0.9999945351248167
0.9999923046148309
0.9999905547121402
0.9999713732310123
0.9999620948381152
0.999789133965119
0.9997516115140915
0.998123514219069
0.9981386238352454
0.9821624469268393
0.9852936111258995
0.8208891878999034
0.8781116655496495
-0.9442031767250725
-0.06335832231418334
-25.50767023087231
-25.582952131093887
-0.06452822750569473
-0.9530851105207145
0.8778627809966294
0.8197523729507563
0.9852455430947171
0.9820180740093873
0.9981330154926054
0.9981081927064641
0.999753827349779
0.9997904444563102
0.9999655847812867
0.9999747857669044
0.9999942328187861
0.999995976752229
0.9999982389963181
0.9999985399008349
0.9999988168617677
0.999998866811066
0.9999989025901972
0.999998910752304
0.9999989156250768
0.999998916952151
0.9999989176489033
0.9999989178643062
0.9999989179681741
0.9999989180036699
0.9999989180198257
0.9999989180243625
0.9999989180268052
0.9999989180269151
0.9999989180244293
0.9999989180195996
0.9999989180034348
0.9999989179681473
0.9999989178641899
0.9999989176484005
0.9999989169515069
0.999998915624585
0.9999989107512159
0.9999989025902661
0.9999988668103249
0.9999988168609865
0.9999985399007958
0.9999982389966038
0.999995976751934
0.9999942328192086
0.9999747857664387
0.999965584781496
0.9997904444558634
0.9997538273496396
0.9981081927054954
0.9981330154917887
0.9820180740079754
0.9852455430948797
0.8197523729488108
0.8778627809968266
-0.9530851105205399
-0.06452822750375456
-25.5829521310942
-25.61353966788967
-0.06501173505839741
-0.9567308112989052
0.8777572828272893
0.8192794235653821
0.9852238200390004
0.9819561849649523
0.9981296042019279
0.9981007474655599
0.9997539466203678
0.9997902022278189
0.9999663097264355
0.9999754835921137
0.9999950522694443
0.9999967948599389
0.9999990721213488
0.9999993730681569
0.9999996518492962
0.9999997018234299
0.999999737819512
0.9999997459861698
0.9999997508845829
0.999999752212479
0.9999997529122271
0.9999997531281803
0.9999997532324743
0.999999753267699
0.9999997532836029
0.9999997532888805
0.9999997532912832
0.999999753292051
0.9999997532890803
0.9999997532838647
0.9999997532680881
0.9999997532324933
0.9999997531282974
0.9999997529129683
0.9999997522130344
0.9999997508854293
0.9999997459870629
0.999999737820334
0.9999997018233148
0.9999996518492998
0.9999993730677881
0.9999990721217069
0.9999967948600395
0.9999950522695678
0.9999754835929211
0.999966309726066
0.999790202227713
0.999753946620866
0.9981007474657153
0.9981296042027199
0.9819561849659757
0.9852238200397014
0.819279423565703
0.8777572828271636
-0.9567308112996715
-0.06501173505806225
-25.613539667888823
-25.62604058437041
-0.06521194681520542
-0.9582333470650419
0.8777128622650048
0.8190825848919607
0.9852143086692353
0.9819299067660444
0.9981279048497514
0.9980973686093052
0.9997538049470196
0.9997899152299718
0.9999664463299994
0.9999756108657151
0.9999952342715871
0.9999969767834072
0.9999992610031677
0.9999995620613223
0.9999998417121965
0.9999998917130319
0.9999999278159729
0.9999999359873316
0.9999999408988702
0.9999999422274035
0.999999942928326
0.9999999431446926
0.9999999432482425
0.9999999432840173
0.9999999432998486
0.9999999433058369
0.9999999433082265
0.9999999433078404
0.9999999433054965
0.9999999432997405
0.9999999432844009
0.9999999432485085
0.999999943144668
0.9999999429277928
0.9999999422273477
0.9999999408979694
0.9999999359868329
0.9999999278159492
0.9999998917125485
0.9999998417121609
0.9999995620618212
0.9999992610030113
0.999996976784304
0.999995234272159
0.9999756108663536
0.9999664463298807
0.9997899152310694
0.999753804946464
0.9980973686095157
0.998127904849097
0.9819299067652729
0.9852143086682872
0.819082584892064
0.8777128622637931
-0.9582333470643429
-0.06521194681594958
-25.626040584369385
-25.631173901899892
-0.0652950205701133
-0.9588547369058118
0.8776942201485674
0.8190005784975373
0.9852102145379096
0.9819188056553021
0.998127121605781
0.9980958844209245
0.9997536986871
0.9997897500822372
0.9999664648961573
0.9999756262619048
0.9999952739508446
0.9999970166196532
0.99999930400737
0.9999996051519127
0.9999998852097436
0.9999999352292568
0.9999999713834343
0.999999979558138
0.9999999844757033
0.9999999858046054
0.9999999865065186
0.9999999867223193
0.9999999868267853
0.9999999868626515
0.9999999868787164
0.9999999868838635
0.9999999868867462
0.9999999868857081
0.9999999868840161
0.9999999868778936
0.9999999868621432
0.9999999868267768
0.9999999867232551
0.9999999865063839
0.9999999858049021
0.9999999844753479
0.9999999795575301
0.9999999713841243
0.9999999352293343
0.9999998852103278
0.9999996051530997
0.999999304006719
0.999997016619929
0.9999952739499609
0.9999756262609303
0.999966464896041
0.9997897500829754
0.999753698686569
0.9980958844209031
0.9981271216061248
0.98191880565378
0.9852102145375616
0.8190005784967068
0.8776942201484828
-0.9588547369048832
-0.06529502057018824
-25.631173901901285
-25.633290101129298
-0.06532955977807572
-0.9591124756624658
0.8776864075168047
0.8189663690681626
0.9852084690544819
0.9819141283410744
0.9981267739244307
0.9980952435599735
0.9997536422763027
0.9997896696198628
0.999966463532737
0.9999756238289512
0.9999952821733928
0.9999970249807646
0.999999313789427
0.9999996149872685
0.9999998952320253
0.9999999452624866
0.9999999814407352
0.9999999896173007
0.9999999945376183
0.9999999958670895
0.9999999965690918
0.9999999967854879
0.9999999968903646
0.9999999969256329
0.9999999969417038
0.999999996946668
0.9999999969494224
0.9999999969483588
0.9999999969463916
0.9999999969406349
0.9999999969247846
0.9999999968902318
0.9999999967857334
0.9999999965694637
0.999999995866688
0.9999999945375432
0.9999999896168583
0.9999999814410994
0.9999999452621586
0.9999998952321185
0.999999614987925
0.9999993137890737
0.9999970249805435
0.9999952821731208
0.9999756238284392
0.9999664635324693
0.999789669620244
0.9997536422762758
0.9980952435596042
0.998126773924749
0.9819141283390536
0.9852084690542535
0.8189663690674225
0.877686407515788
-0.9591124756614718
-0.06532955977743826
-25.63329010112716
-25.63416538046124
-0.06534394742135984
-0.9592196510943802
0.877683134472212
0.8189520786638804
0.9852077289542579
0.9819121600082894
0.998126622678433
0.9980949694538653
0.9997536155065383
0.9997896329562216
0.9999664607458496
0.9999756206817565
0.999995283662783
0.9999970265542428
0.9999993159935243
0.9999996172198438
0.9999998975498776
0.9999999475855672
0.9999999837760218
0.9999999919523459
0.9999999968746038
0.9999999982041834
0.9999999989065217
0.9999999991231077
0.999999999227301
0.9999999992622592
0.9999999992786661
0.9999999992835498
0.9999999992858333
0.9999999992861094
0.9999999992836466
0.9999999992788564
0.999999999263381
0.9999999992272045
0.9999999991229334
0.9999999989065724
0.9999999982038883
0.999999996875167
0.9999999919526033
0.9999999837758222
0.9999999475853734
0.99999989755007
0.9999996172201224
0.9999993159940204
0.9999970265546738
0.9999952836636725
0.9999756206818116
0.9999664607464565
0.9997896329564491
0.9997536155069446
0.9980949694535632
0.998126622679169
0.9819121600079028
0.9852077289545229
0.8189520786640451
0.8776831344722269
-0.9592196510944295
-0.06534394742289817
-25.634165380458512
-25.634528423816015
-0.06534995137396105
-0.9592643161100134
0.877681762899074
0.8189461008555374
0.9852074161153873
0.9819113320106482
0.9981265576408875
0.9980948528456006
0.999753603427895
0.9997896167825211
0.9999664590257673
0.9999756188407454
0.9999952838252932
0.9999970267612939
0.9999993164780798
0.9999996177180418
0.9999998980858924
0.9999999481242111
0.9999999843198529
0.999999992496412
0.9999999974203013
0.9999999987493157
0.9999999994525645
0.9999999996681703
0.9999999997726388
0.999999999807864
0.9999999998236525
0.9999999998288214
0.9999999998314222
0.9999999998319488
0.9999999998299063
0.9999999998242851
0.99999999980895
0.9999999997720437
0.9999999996686912
0.9999999994518447
0.9999999987502097
0.9999999974205068
0.9999999924979309
0.9999999843195791
0.999999948124745
0.9999998980857026
0.9999996177173123
0.9999993164775972
0.999997026760669
0.9999952838253392
0.9999756188400337
0.9999664590257302
0.9997896167820339
0.9997536034274037
0.9980948528453808
0.9981265576413472
0.9819113320112932
0.9852074161160335
0.8189461008558555
0.8776817628996748
-0.9592643161110364
-0.06534995137598879
-25.634528423814817
-25.634679371218215
-0.06535246090944828
-0.9592829661160416
0.8776811878016167
0.8189435969641532
0.9852072841000538
0.9819109836763766
0.9981265298651485
0.9980948033917536
0.9997535981180714
0.9997896097680661
0.999966458162111
0.9999756179355437
0.999995283781961
0.9999970267404833
0.9999993165773968
0.999999617824556
0.9999998982091991
0.9999999482495179
0.9999999844465681
0.999999992624304
0.9999999975479508
0.9999999988773283
0.9999999995803226
0.9999999997961404
0.9999999999009462
0.9999999999358192
0.9999999999515756
0.9999999999573367
0.9999999999602304
0.9999999999596405
0.9999999999580667
0.9999999999518374
0.9999999999365299
0.999999999899731
0.9999999997961413
0.9999999995794846
0.999999998877825
0.9999999975473629
0.9999999926247001
0.9999999844461636
0.9999999482487489
0.9999998982084379
0.9999996178242885
0.9999993165771514
0.9999970267398393
0.9999952837828632
0.999975617935093
0.9999664581626071
0.9997896097675181
0.999753598116984
0.9980948033909918
0.9981265298644371
0.9819109836767552
0.9852072841005158
0.8189435969647383
0.8776811878014251
-0.9592829661174938
-0.06535246091187175
-25.634679371218766
-25.634742265897067
-0.0653535114167344
-0.9592907667965324
0.8776809464785881
0.8189425468588819
0.9852072284351365
0.981910837079813
0.998126518050171
0.9980947824539563
0.9997535958164978
0.9997896067553804
0.99996645776167
0.9999756175216021
0.9999952837369857
0.9999970267059294
0.9999993165951129
0.9999996178453064
0.9999998982368337
0.9999999482778645
0.9999999844758425
0.9999999926543219
0.9999999975774415
0.9999999989073303
0.9999999996100919
0.9999999998266309
0.9999999999306297
0.9999999999662461
0.9999999999819746
0.9999999999884681
0.9999999999901116
0.9999999999904663
0.9999999999880731
0.9999999999825342
0.9999999999658958
0.9999999999307316
0.9999999998260622
0.9999999996105697
0.9999999989071904
0.9999999975783358
0.9999999926544845
0.999999984475743
0.9999999482778543
0.999999898236806
0.9999996178449453
0.9999993165948924
0.9999970267051379
0.9999952837375892
0.999975617520716
0.9999664577627932
0.9997896067545861
0.9997535958174995
0.9980947824541702
0.998126518051228
0.9819108370804744
0.9852072284362905
0.8189425468595046
0.8776809464799374
-0.959290766794891
-0.06535351141651748
-25.63474226589564
-25.634768520976706
-0.0653539517659559
-0.959294034525685
0.877680845130006
0.8189421059412221
0.9852072049705818
0.9819107753522152
0.9981265130377408
0.9980947735971686
0.9997535948276925
0.9997896054680983
0.9999664575825752
0.9999756173373948
0.9999952837105686
0.999997026684352
0.9999993165963053
0.9999996178478463
0.9999998982434491
0.9999999482845298
0.9999999844834035
0.9999999926612331
0.9999999975847008
0.9999999989144759
0.9999999996170933
0.9999999998334304
0.9999999999372631
0.9999999999726696
0.9999999999892135
0.9999999999947194
0.9999999999967727
0.9999999999971376
0.9999999999945615
0.9999999999892242
0.9999999999729469
0.9999999999376497
0.9999999998328497
0.9999999996177094
0.9999999989137744
0.9999999975855085
0.9999999926607086
0.9999999844826755
0.9999999482839648
0.999999898243186
0.9999996178480872
0.9999993165971104
0.999997026684087
0.9999952837111772
0.9999756173377772
0.9999664575827889
0.9997896054681101
0.9997535948285657
0.9980947735968004
0.9981265130380765
0.9819107753507068
0.9852072049704975
0.8189421059403146
0.877680845130382
-0.9592940345261627
-0.06535395176526379
-25.63476852097781
-25.634779499234035
-0.06535413658191822
-0.9592954052537732
0.877680802530102
0.8189419206070018
0.9852071950776675
0.9819107493440243
0.9981265109140773
0.9980947698522625
0.9997535944052587
0.9997896049205215
0.9999664575051457
0.9999756172583358
0.9999952836984265
0.9999970266743821
0.9999993165955858
0.999999617848163
0.9999998982448101
0.999999948286123
0.9999999844848939
0.9999999926627847
0.9999999975867739
0.9999999989165874
0.9999999996190738
0.9999999998356337
0.9999999999397109
0.9999999999751644
0.9999999999917888
0.9999999999963303
0.9999999999986391
0.9999999999979757
0.9999999999961682
0.9999999999909213
0.9999999999751293
0.9999999999392402
0.9999999998352365
0.9999999996194511
0.9999999989167686
0.999999997587598
0.9999999926626735
0.9999999844854552
0.9999999482862537
0.9999998982451755
0.9999996178487887
0.9999993165955781
0.9999970266736056
0.9999952836989394
0.9999756172580707
0.999966457505364
0.9997896049208455
0.9997535944055265
0.9980947698524866
0.9981265109140003
0.9819107493446406
0.9852071950795583
0.8189419206074399
0.8776808025302911
-0.9592954052542633
-0.06535413657967934
-25.634779499231374
-25.634784096482612
-0.06535421423320042
-0.9592959809453063
0.8776807846085735
0.8189418426271333
0.9852071909066462
0.9819107383799397
0.9981265100152957
0.998094768269114
0.9997535942259361
0.9997896046880361
0.9999664574716376
0.9999756172239612
0.9999952836928642
0.9999970266695266
0.9999993165952619
0.9999996178483521
0.9999998982456413
0.9999999482870978
0.9999999844864613
0.9999999926638172
0.9999999975877056
0.9999999989165222
0.9999999996198004
0.999999999835776
0.9999999999400699
0.9999999999753821
0.9999999999907612
0.9999999999963669
0.9999999999984571
0.9999999999993867
0.9999999999971738
0.999999999992094
0.9999999999757068
0.9999999999404103
0.9999999998356472
0.9999999996193981
0.9999999989165334
0.9999999975869003
0.9999999926636285
0.9999999844855073
0.9999999482865145
0.9999998982447402
0.9999996178469673
0.9999993165947725
0.9999970266695251
0.9999952836933398
0.9999756172241384
0.9999664574716807
0.9997896046871215
0.9997535942244719
0.9980947682693557
0.9981265100145255
0.9819107383807084
0.9852071909075449
0.8189418426270474
0.8776807846086974
-0.9592959809461207
-0.06535421423750676
-25.634784096486378
-25.634786024195762
-0.06535424690034171
-0.9592962230001749
0.87768077706049
0.8189418097851487
0.9852071891463017
0.9819107337544668
0.9981265096344865
0.9980947675993201
0.9997535941485973
0.9997896045887412
0.9999664574568106
0.9999756172090858
0.9999952836896484
0.9999970266671379
0.9999993165943784
0.9999996178481366
0.9999998982446301
0.9999999482860571
0.9999999844852092
0.9999999926630978
0.9999999975869285
0.9999999989168691
0.9999999996195184
0.9999999998356421
0.9999999999405387
0.9999999999751369
0.9999999999908514
0.9999999999967456
0.9999999999984834
0.9999999999995515
0.9999999999968815
0.9999999999910482
0.9999999999753897
0.9999999999390419
0.9999999998346942
0.9999999996188853
0.9999999989163986
0.9999999975873461
0.9999999926644982
0.999999984485448
0.9999999482866385
0.999999898244224
0.9999996178468392
0.9999993165952515
0.9999970266672076
0.999995283689914
0.9999756172088897
0.9999664574561369
0.9997896045882004
0.9997535941483697
0.9980947676002405
0.9981265096342375
0.981910733755923
0.9852071891476231
0.8189418097857741
0.8776807770619346
-0.9592962230010165
-0.06535424689805089
-25.63478602419407
-25.63478683349683
-0.06535426065048439
-0.9592963248765878
0.8776807738809604
0.8189417959417281
0.9852071884037457
0.9819107318021497
0.9981265094745059
0.99809476731729
0.9997535941170879
0.9997896045473886
0.9999664574513991
0.9999756172032199
0.9999952836897847
0.999997026667216
0.9999993165953203
0.9999996178482938
0.9999998982448144
0.9999999482866364
0.999999984485316
0.9999999926636648
0.9999999975871143
0.9999999989168069
0.9999999996190935
0.9999999998358593
0.9999999999399644
0.9999999999751206
0.9999999999909506
0.9999999999975437
0.9999999999996971
1.0000000000006126
0.9999999999981579
0.9999999999919325
0.9999999999759341
0.9999999999402096
0.99999999983609
0.9999999996204264
0.9999999989168605
0.9999999975873741
0.9999999926640883
0.9999999844848817
0.9999999482857527
0.9999998982442841
0.9999996178472608
0.9999993165950473
0.9999970266663638
0.9999952836896078
0.9999756172026336
0.9999664574513343
0.9997896045475395
0.999753594116976
0.9980947673169944
0.9981265094745088
0.9819107318034143
0.9852071884039157
0.8189417959423533
0.8776807738804883
-0.9592963248786418
-0.06535426065126063
-25.634786833501014
-25.63478717363393
-0.06535426645050868
-0.9592963677967787
0.8776807725395525
0.8189417901007511
0.9852071880898122
0.9819107309765518
0.9981265094060122
0.9980947671964957
0.999753594102585
0.9997896045288371
0.9999664574477654
0.9999756171995384
0.9999952836885408
0.9999970266657103
0.9999993165947312
0.9999996178469992
0.9999998982441796
0.9999999482862867
0.9999999844846386
0.9999999926633574
0.9999999975870593
0.9999999989168781
0.9999999996195893
0.9999999998364439
0.9999999999400917
0.9999999999759652
0.9999999999914634
0.9999999999978052
1.000000000000036
0.9999999999995958
0.9999999999967126
0.9999999999906849
0.9999999999746145
0.9999999999401077
0.999999999835764
0.9999999996197775
0.9999999989165416
0.9999999975881162
0.999999992662892
0.9999999844859895
0.9999999482866355
0.9999998982451342
0.9999996178485482
0.9999993165955693
0.999997026665485
0.9999952836892909
0.9999756171994827
0.9999664574488814
0.9997896045290855
0.999753594103334
0.9980947671968552
0.9981265094068907
0.9819107309761221
0.9852071880899874
0.8189417901002599
0.8776807725395246
-0.9592963677948694
-0.06535426644307876
-25.63478717363094
-25.634787316732112
-0.0653542688894461
-0.9592963858907828
0.8776807719743098
0.8189417876362182
0.9852071879571991
0.9819107306279022
0.9981265093762851
0.9980947671456022
0.9997535940965457
0.9997896045214861
0.9999664574468261
0.999975617198214
0.9999952836883282
0.9999970266651248
0.9999993165946701
0.9999996178467611
0.9999998982447366
0.9999999482859717
0.9999999844850918
0.9999999926632677
0.9999999975865704
0.9999999989158048
0.9999999996190996
0.999999999834752
0.999999999939114
0.9999999999746749
0.9999999999913973
0.9999999999965474
0.9999999999995683
0.999999999998886
0.9999999999967198
0.99999999999158
0.999999999975644
0.9999999999410003
0.9999999998357672
0.999999999619136
0.9999999989170717
0.9999999975872114
0.9999999926622072
0.9999999844861353
0.9999999482861601
0.9999998982441692
0.9999996178475798
0.9999993165934593
0.9999970266648441
0.9999952836882988
0.9999756171982018
0.9999664574466971
0.9997896045214426
0.9997535940970923
0.9980947671456387
0.9981265093772744
0.9819107306263017
0.9852071879572206
0.8189417876357773
0.8776807719735007
-0.959296385889026
-0.06535426889258092
-25.634787316736947
-25.634787376991053
-0.06535426992290416
-0.9592963935246226
0.8776807717348649
0.8189417865952417
0.9852071879016109
0.9819107304808898
0.9981265093644296
0.9980947671242322
0.9997535940941076
0.9997896045188777
0.9999664574465407
0.9999756171983207
0.9999952836882071
0.9999970266652709
0.9999993165945447
0.999999617847154
0.9999998982454652
0.9999999482869193
0.9999999844862439
0.9999999926641925
0.9999999975876683
0.999999998917626
0.9999999996199334
0.9999999998360904
0.9999999999411853
0.9999999999766156
0.9999999999926505
0.999999999997283
0.9999999999990259
0.9999999999988907
0.9999999999962439
0.9999999999913762
0.9999999999757466
0.9999999999396181
0.9999999998350471
0.9999999996191187
0.9999999989170965
0.9999999975861968
0.9999999926631404
0.9999999844859762
0.9999999482860997
0.999999898244966
0.9999996178470196
0.999999316594765
0.9999970266648781
0.9999952836891204
0.9999756171989101
0.9999664574461216
0.9997896045189101
0.9997535940939075
0.9980947671241889
0.9981265093645393
0.9819107304789325
0.9852071879024508
0.8189417865955997
0.8776807717364501
-0.9592963935233603
-0.06535426992298513
-25.634787376989685
-25.634787402371334
-0.06535427035453595
-0.9592963967453755
0.8776807716351664
0.8189417861551687
0.9852071878772989
0.9819107304178925
0.998126509359265
0.9980947671148865
0.9997535940928248
0.9997896045166087
0.9999664574456347
0.9999756171980583
0.9999952836882466
0.9999970266654993
0.9999993165943938
0.9999996178474907
0.9999998982452065
0.9999999482869388
0.9999999844853302
0.999999992663412
0.9999999975867563
0.9999999989164363
0.9999999996192938
0.9999999998355622
0.9999999999402303
0.9999999999752021
0.9999999999912418
0.9999999999965619
0.9999999999983412
0.9999999999989209
0.9999999999964148
0.9999999999912368
0.9999999999753808
0.999999999939281
0.9999999998353502
0.9999999996192768
0.9999999989162124
0.9999999975862188
0.99999999266339
0.9999999844854632
0.9999999482861737
0.9999998982449994
0.9999996178464203
0.9999993165946617
0.999997026664236
0.9999952836886804
0.9999756171981153
0.9999664574447622
0.9997896045162651
0.9997535940926625
0.9980947671142316
0.9981265093591613
0.9819107304184491
0.9852071878790538
0.81894178615519
0.8776807716341715
-0.959296396747074
-0.06535427035770766
-25.6347874023665
-25.634787413015452
-0.06535427053869625
-0.9592963981018479
0.8776807715905389
0.8189417859697129
0.9852071878677103
0.9819107303925242
0.9981265093580102
0.9980947671125533
0.999753594093268
0.9997896045166197
0.9999664574462401
0.9999756171984093
0.9999952836879211
0.9999970266654001
0.999999316594189
0.9999996178466604
0.9999998982434939
0.999999948284809
0.999999984483827
0.9999999926628546
0.9999999975866672
0.9999999989170296
0.9999999996199733
0.9999999998359421
0.9999999999401082
0.9999999999750663
0.999999999991216
0.999999999997164
0.9999999999997526
1.0000000000002116
0.9999999999971059
0.9999999999912118
0.9999999999750293
0.9999999999400371
0.9999999998352082
0.9999999996188089
0.9999999989159001
0.9999999975867606
0.9999999926630447
0.9999999844851553
0.99999994828603
0.9999998982439489
0.9999996178467081
0.9999993165940644
0.9999970266652053
0.999995283688282
0.9999756171977188
0.9999664574452349
0.9997896045163669
0.9997535940925679
0.9980947671119804
0.9981265093576861
0.9819107303926082
0.9852071878671314
0.8189417859692966
0.8776807715903474
-0.9592963981016853
-0.06535427054058371
-25.634787413016507
-25.63478741739818
-0.06535427061733637
-0.9592963986639303
0.8776807715724271
0.8189417858920187
0.9852071878631647
0.9819107303809117
0.9981265093561499
0.9980947671093208
0.9997535940922013
0.999789604515836
0.9999664574455777
0.9999756171972289
0.9999952836871342
0.9999970266653488
0.9999993165945503
0.9999996178469628
0.999999898244426
0.9999999482857118
0.9999999844843459
0.9999999926627119
0.999999997587324
0.9999999989170556
0.9999999996190869
0.9999999998352547
0.9999999999387594
0.9999999999752194
0.9999999999916498
0.9999999999979231
1.0000000000001772
0.9999999999988747
0.9999999999970184
0.9999999999916339
0.9999999999760736
0.9999999999403062
0.9999999998359438
0.9999999996194568
0.9999999989169489
0.9999999975880642
0.9999999926631855
0.9999999844857086
0.9999999482861133
0.9999998982443028
0.9999996178493773
0.999999316595126
0.9999970266671696
0.9999952836883206
0.9999756171984555
0.9999664574452988
0.9997896045174244
0.9997535940926272
0.998094767110941
0.998126509356304
0.9819107303810788
0.9852071878631872
0.818941785893964
0.8776807715717398
-0.9592963986589154
-0.06535427061699065
-25.634787417401995
-25.63478741896935
-0.06535427064312599
-0.9592963988605694
0.8776807715678874
0.8189417858659878
0.9852071878623281
0.9819107303775497
0.9981265093558068
0.9980947671093807
0.999753594092244
0.9997896045157114
0.9999664574456536
0.9999756171978871
0.999995283688224
0.9999970266657543
0.9999993165946828
0.9999996178467163
0.9999998982447418
0.9999999482861457
0.9999999844853367
0.9999999926637809
0.9999999975879265
0.9999999989166175
0.9999999996190798
0.9999999998356162
0.999999999939486
0.9999999999760365
0.999999999992248
0.9999999999978851
0.9999999999995168
0.9999999999986324
0.9999999999971025
0.9999999999905285
0.9999999999754685
0.9999999999392605
0.9999999998360798
0.9999999996187947
0.9999999989161121
0.9999999975877625
0.9999999926629299
0.999999984485729
0.9999999482873243
0.9999998982445573
0.9999996178499675
0.9999993165939209
0.9999970266659883
0.9999952836870847
0.9999756171973422
0.9999664574449882
0.999789604517559
0.9997535940927396
0.9980947671086096
0.9981265093557274
0.9819107303764889
0.9852071878629809
0.8189417858655461
0.8776807715665991
-0.9592963988578709
-0.06535427064253588
-25.634787418970355
-25.634787418969516
-0.0653542706407784
-0.9592963988557376
0.8776807715700232
0.8189417858677708
0.9852071878627338
0.9819107303779304
0.9981265093561862
0.9980947671102305
0.9997535940925879
0.9997896045165082
0.9999664574467213
0.9999756171990674
0.9999952836887965
0.9999970266656959
0.9999993165943795
0.9999996178467863
0.999999898245038
0.9999999482867843
0.9999999844860716
0.999999992664579
0.9999999975876643
0.9999999989166657
0.9999999996197528
0.9999999998361663
0.9999999999407541
0.9999999999765075
0.9999999999917677
0.9999999999968823
0.9999999999988167
0.9999999999985915
0.9999999999962739
0.9999999999905204
0.9999999999751188
0.9999999999397009
0.9999999998354205
0.9999999996180082
0.999999998915919
0.9999999975867362
0.9999999926625669
0.9999999844853771
0.9999999482865901
0.9999998982435729
0.9999996178473987
0.9999993165923523
0.9999970266645777
0.9999952836859642
0.9999756171976777
0.9999664574454177
0.9997896045167618
0.9997535940913586
0.998094767108855
0.9981265093560026
0.9819107303769008
0.9852071878620074
0.81894178586623
0.8776807715668564
-0.9592963988584375
-0.06535427064291796
-25.634787418965004
-25.63478741740727
-0.06535427061775032
-0.9592963986606284
0.877680771575393
0.8189417858931713
0.9852071878635583
0.9819107303810836
0.99812650935599
0.9980947671095498
0.999753594092332
0.9997896045168886
0.9999664574458791
0.9999756171981515
0.9999952836876063
0.9999970266656126
0.999999316594519
0.9999996178480496
0.999999898246201
0.999999948287715
0.9999999844859375
0.9999999926644425
0.9999999975874891
0.999999998917307
0.9999999996199487
0.9999999998361526
0.9999999999402087
0.9999999999760683
0.9999999999917675
0.9999999999974931
0.9999999999983953
0.99999999999825
0.9999999999960132
0.9999999999915227
0.9999999999758391
0.9999999999402079
0.9999999998358462
0.9999999996192521
0.9999999989172758
0.9999999975874564
0.9999999926641523
0.9999999844863366
0.9999999482865061
0.9999998982452287
0.999999617847633
0.9999993165949594
0.9999970266657894
0.9999952836892481
0.999975617199661
0.9999664574462936
0.999789604516129
0.9997535940934823
0.998094767110729
0.9981265093563916
0.981910730381951
0.985207187864513
0.8189417858954116
0.8776807715736687
-0.9592963986577997
-0.06535427061683638
-25.634787417401547
-25.634787413011352
-0.0653542705430134
-0.9592963981041932
0.8776807715905461
0.8189417859690471
0.9852071878682898
0.9819107303918496
0.9981265093568753
0.9980947671112239
0.9997535940924921
0.9997896045163412
0.9999664574455707
0.9999756171974858
0.9999952836878561
0.9999970266657652
0.9999993165953918
0.9999996178478436
0.9999998982456975
0.9999999482860961
0.9999999844857902
0.9999999926636911
0.9999999975872151
0.999999998916667
0.9999999996197377
0.9999999998353597
0.9999999999395647
0.9999999999750895
0.9999999999913367
0.9999999999966295
0.99999999999892
0.9999999999996225
0.9999999999975301
0.9999999999915867
0.9999999999762544
0.9999999999396201
0.9999999998354376
0.999999999619467
0.9999999989176884
0.9999999975874423
0.9999999926643253
0.999999984485985
0.9999999482863786
0.999999898245109
0.999999617846793
0.9999993165954361
0.9999970266656184
0.9999952836892392
0.9999756171988529
0.9999664574448163
0.9997896045165806
0.9997535940931765
0.9980947671110725
0.9981265093571987
0.9819107303921817
0.9852071878682491
0.8189417859696055
0.8776807715913468
-0.9592963981017353
-0.06535427054337498
-25.634787413020696
-25.634787402361177
-0.06535427035967808
-0.9592963967485904
0.8776807716344261
0.8189417861546231
0.9852071878781907
0.9819107304182995
0.9981265093604772
0.9980947671163388
0.9997535940938294
0.9997896045169735
0.9999664574462435
0.9999756171986858
0.9999952836888266
0.9999970266659599
0.9999993165943069
0.9999996178464142
0.9999998982438592
0.9999999482842632
0.9999999844844809
0.9999999926619623
0.9999999975866012
0.999999998916441
0.9999999996198176
0.9999999998355316
0.9999999999403377
0.9999999999754465
0.9999999999921001
0.9999999999973554
1.0000000000007878
1.000000000000357
0.9999999999974926
0.9999999999913478
0.9999999999756031
0.9999999999397309
0.9999999998362055
0.9999999996197626
0.9999999989175056
0.9999999975874356
0.9999999926636101
0.999999984485394
0.9999999482862322
0.999999898245152
0.9999996178479578
0.9999993165954644
0.999997026665638
0.999995283689072
0.9999756171984059
0.9999664574461912
0.9997896045177622
0.9997535940937281
0.9980947671161364
0.9981265093617251
0.9819107304181518
0.9852071878793023
0.8189417861533943
0.8776807716346127
-0.9592963967481158
-0.06535427035498415
-25.63478740236068
-25.634787376996478
-0.06535426992121335
-0.9592963935251408
0.8776807717355566
0.8189417865949957
0.9852071879021689
0.9819107304815436
0.9981265093658758
0.9980947671248734
0.999753594094389
0.9997896045183905
0.9999664574465809
0.9999756171993288
0.9999952836887279
0.999997026666363
0.9999993165949155
0.9999996178478442
0.9999998982452856
0.9999999482869111
0.9999999844857075
0.9999999926641621
0.9999999975881969
0.9999999989174384
0.9999999996191256
0.999999999835911
0.9999999999394431
0.9999999999759703
0.9999999999912677
0.9999999999974545
0.9999999999994931
0.9999999999989407
0.9999999999967437
0.9999999999915674
0.9999999999755451
0.9999999999404696
0.9999999998363523
0.9999999996204973
0.9999999989165399
0.9999999975872211
0.9999999926623989
0.9999999844862946
0.9999999482862906
0.9999998982452467
0.9999996178481034
0.9999993165951515
0.9999970266653146
0.9999952836889185
0.9999756171977943
0.9999664574460437
0.9997896045177848
0.9997535940946816
0.9980947671245044
0.998126509365009
0.9819107304790591
0.985207187902337
0.8189417865942473
0.8776807717350452
-0.9592963935253165
-0.06535426992310911
-25.63478737699906
-25.634787316748106
-0.06535426888997595
-0.9592963858893604
0.8776807719741544
0.8189417876372991
0.9852071879575655
0.9819107306279842
0.9981265093757126
0.9980947671451713
0.9997535940962277
0.999789604521539
0.9999664574472058
0.9999756171990009
0.9999952836878422
0.9999970266652285
0.9999993165939705
0.9999996178471091
0.9999998982450076
0.9999999482861792
0.9999999844859812
0.999999992664413
0.9999999975878582
0.9999999989170331
0.9999999996195335
0.9999999998362905
0.9999999999403069
0.9999999999762462
0.9999999999913913
0.9999999999964913
0.9999999999983893
0.9999999999975061
0.9999999999963691
0.9999999999908111
0.9999999999746985
0.9999999999399293
0.9999999998344863
0.9999999996185689
0.9999999989156125
0.9999999975874585
0.9999999926629304
0.9999999844864511
0.9999999482859674
0.9999998982444838
0.999999617847483
0.9999993165939651
0.9999970266645475
0.9999952836880703
0.999975617196964
0.9999664574465056
0.9997896045212972
0.9997535940966076
0.9980947671453726
0.9981265093760734
0.9819107306276774
0.9852071879583295
0.8189417876373564
0.8776807719756446
-0.9592963858887338
-0.06535426888896442
-25.63478731674818
-25.634787173630766
-0.06535426644355452
-0.9592963677937527
0.8776807725415745
0.818941790102022
0.9852071880908125
0.9819107309769679
0.9981265094059413
0.9980947671969203
0.9997535941026479
0.9997896045297776
0.9999664574482368
0.9999756171996362
0.9999952836877113
0.9999970266654545
0.9999993165941853
0.9999996178479683
0.9999998982451517
0.9999999482867576
0.9999999844864293
0.9999999926639371
0.9999999975870111
0.9999999989163675
0.9999999996191449
0.9999999998356588
0.9999999999401881
0.9999999999755482
0.9999999999905722
0.9999999999966986
0.9999999999987379
0.999999999999349
0.999999999998058
0.9999999999916198
0.9999999999768343
0.9999999999402613
0.9999999998362457
0.9999999996194044
0.999999998916627
0.999999997586994
0.999999992663805
0.9999999844850125
0.9999999482861447
0.9999998982447434
0.9999996178467336
0.999999316593819
0.9999970266655065
0.9999952836882193
0.9999756171996208
0.9999664574486569
0.999789604529292
0.9997535941022485
0.9980947671972702
0.9981265094056222
0.9819107309774684
0.9852071880905064
0.8189417901033142
0.8776807725398434
-0.9592963677949381
-0.06535426644826121
-25.63478717363526
-25.63478683349773
-0.06535426065380298
-0.9592963248779947
0.877680773881253
0.8189417959400359
0.9852071884027578
0.9819107317999303
0.9981265094730285
0.9980947673152761
0.9997535941157152
0.9997896045460754
0.9999664574500046
0.9999756172017398
0.9999952836891011
0.9999970266660552
0.9999993165949503
0.9999996178473374
0.9999998982449492
0.9999999482866391
0.9999999844861776
0.9999999926634353
0.9999999975870525
0.9999999989165953
0.9999999996200053
0.9999999998365323
0.9999999999411016
0.9999999999760405
0.9999999999909288
0.9999999999971558
0.9999999999984749
0.9999999999999436
0.9999999999962492
0.9999999999901119
0.9999999999749611
0.9999999999389151
0.9999999998352758
0.9999999996197637
0.9999999989171057
0.9999999975883764
0.9999999926656205
0.9999999844870573
0.9999999482882708
0.9999998982458259
0.9999996178473007
0.9999993165953847
0.9999970266664855
0.9999952836893757
0.9999756172033807
0.9999664574507932
0.9997896045469268
0.9997535941160676
0.998094767316551
0.9981265094733414
0.9819107318017732
0.9852071884050058
0.8189417959419556
0.8776807738821899
-0.9592963248781533
-0.06535426064838254
-25.63478683349587
-25.634786024193467
-0.06535424689905786
-0.9592962230006918
0.8776807770610825
0.8189418097851833
0.9852071891474383
0.9819107337558197
0.998126509635913
0.9980947676007409
0.999753594149138
0.9997896045895482
0.9999664574568419
0.9999756172089573
0.9999952836899798
0.9999970266677147
0.999999316594822
0.9999996178482273
0.9999998982448685
0.9999999482863507
0.9999999844850107
0.9999999926629919
0.9999999975869274
0.9999999989165709
0.9999999996193139
0.9999999998351314
0.9999999999391862
0.9999999999740564
0.9999999999912064
0.999999999997378
0.9999999999998623
0.9999999999998093
0.9999999999974648
0.9999999999924952
0.9999999999767729
0.9999999999408333
0.9999999998361455
0.9999999996198143
0.9999999989173973
0.9999999975872362
0.9999999926627213
0.9999999844839238
0.9999999482842508
0.9999998982433203
0.9999996178464238
0.9999993165946878
0.999997026666449
0.9999952836907581
0.9999756172093621
0.999966457457484
0.9997896045895764
0.9997535941483471
0.9980947676005365
0.9981265096346539
0.9819107337552717
0.985207189146883
0.818941809784125
0.8776807770613025
-0.9592962230032055
-0.06535424689929123
-25.634786024197254
-25.63478409649637
-0.06535421423763382
-0.9592959809481738
0.8776807846051626
0.8189418426261855
0.9852071909054247
0.9819107383798968
0.998126510014451
0.998094768269106
0.999753594225073
0.9997896046878784
0.9999664574707852
0.999975617223771
0.9999952836923454
0.9999970266694576
0.9999993165944974
0.9999996178469412
0.9999998982434359
0.9999999482850607
0.9999999844842761
0.9999999926624565
0.9999999975864271
0.9999999989166873
0.9999999996197142
0.9999999998362229
0.9999999999401675
0.999999999975709
0.9999999999917788
0.9999999999973352
0.9999999999990414
0.9999999999993523
0.9999999999964093
0.9999999999907324
0.9999999999743364
0.9999999999390363
0.9999999998342133
0.9999999996190565
0.99999999891597
0.999999997587024
0.9999999926630531
0.9999999844851987
0.9999999482857569
0.9999998982443938
0.9999996178476275
0.9999993165953323
0.9999970266696108
0.9999952836937942
0.9999756172234593
0.999966457471807
0.9997896046872435
0.9997535942259643
0.9980947682706702
0.998126510016726
0.9819107383802907
0.9852071909074307
0.8189418426263642
0.8776807846089876
-0.9592959809445876
-0.06535421423226764
-25.63478409649415
-25.63477949923746
-0.06535413657839781
-0.9592954052513778
0.8776808025321499
0.8189419206080535
0.9852071950784498
0.9819107493452324
0.998126510915476
0.9980947698533131
0.9997535944065656
0.9997896049208466
0.9999664575066061
0.9999756172587982
0.9999952836999166
0.9999970266752587
0.9999993165971741
0.9999996178494517
0.9999998982463535
0.9999999482875154
0.9999999844863892
0.9999999926640197
0.9999999975879368
0.999999998916294
0.9999999996193766
0.9999999998347894
0.999999999939259
0.9999999999744025
0.999999999991396
0.9999999999958633
0.9999999999983943
0.9999999999986215
0.9999999999969729
0.9999999999919187
0.9999999999758321
0.9999999999403999
0.999999999834791
0.9999999996199929
0.9999999989161518
0.9999999975877286
0.9999999926625733
0.9999999844851208
0.9999999482863224
0.9999998982451817
0.9999996178489872
0.999999316596396
0.9999970266740841
0.9999952836990996
0.9999756172574924
0.999966457504927
0.9997896049198332
0.9997535944053244
0.9980947698515203
0.9981265109129048
0.9819107493438837
0.9852071950777901
0.8189419206070752
0.8776808025290479
-0.9592954052539239
-0.06535413658266337
-25.634779499240036
-25.634768520970958
-0.06535395176593944
-0.9592940345228032
0.8776808451313489
0.8189421059411668
0.9852072049695102
0.981910775351309
0.9981265130378326
0.9980947735967118
0.9997535948281446
0.9997896054680271
0.9999664575837892
0.9999756173373311
0.9999952837106976
0.9999970266839731
0.9999993165954693
0.999999617847398
0.9999998982434073
0.9999999482841593
0.9999999844831771
0.999999992660881
0.9999999975847005
0.999999998914496
0.9999999996174587
0.9999999998337994
0.9999999999385746
0.9999999999739873
0.9999999999892749
0.9999999999943283
0.9999999999965017
0.9999999999962723
0.9999999999944864
0.9999999999887679
0.9999999999727267
0.9999999999376039
0.999999999833308
0.99999999961735
0.9999999989142051
0.9999999975855673
0.999999992661281
0.9999999844844409
0.9999999482852916
0.9999998982445389
0.9999996178493824
0.999999316597137
0.9999970266836291
0.9999952837121712
0.9999756173370492
0.9999664575841869
0.9997896054684348
0.999753594828654
0.9980947735971456
0.9981265130382926
0.9819107753523543
0.9852072049713589
0.818942105941967
0.8776808451313012
-0.9592940345250777
-0.06535395176866826
-25.634768520970507
-25.63474226588253
-0.06535351142135118
-0.9592907667954995
0.8776809464785384
0.8189425468603295
0.9852072284355233
0.9819108370798918
0.9981265180493949
0.9980947824534643
0.9997535958163657
0.9997896067559737
0.9999664577623952
0.9999756175218288
0.9999952837371643
0.9999970267054601
0.9999993165960777
0.9999996178458425
0.9999998982380323
0.9999999482786268
0.9999999844775034
0.9999999926546055
0.9999999975785603
0.999999998907003
0.9999999996105715
0.9999999998257328
0.9999999999299978
0.9999999999651187
0.9999999999806963
0.9999999999863048
0.9999999999884753
0.999999999989776
0.9999999999880419
0.999999999981837
0.9999999999674603
0.9999999999306171
0.9999999998269676
0.9999999996098303
0.999999998908023
0.9999999975777648
0.9999999926558538
0.9999999844765739
0.999999948278931
0.9999998982371424
0.9999996178448047
0.9999993165941871
0.9999970267052085
0.9999952837372894
0.9999756175204445
0.9999664577622017
0.9997896067551906
0.9997535958161952
0.9980947824531268
0.998126518049345
0.9819108370782255
0.985207228434358
0.8189425468586299
0.877680946478907
-0.9592907667944732
-0.06535351141840569
-25.63474226588443
-25.634679371225555
-0.06535246091259209
-0.9592829661177132
0.8776811878005939
0.8189435969637219
0.9852072840992784
0.9819109836769012
0.9981265298649791
0.9980948033920547
0.9997535981185236
0.9997896097684417
0.9999664581624983
0.9999756179362578
0.9999952837823582
0.9999970267415552
0.9999993165775809
0.9999996178252355
0.9999998982093132
0.9999999482497841
0.9999999844463028
0.9999999926246173
0.9999999975480256
0.9999999988772045
0.9999999995806144
0.999999999797194
0.9999999999020185
0.9999999999365512
0.9999999999533685
0.9999999999583518
0.9999999999610472
0.9999999999606595
0.9999999999574785
0.9999999999526488
0.9999999999369527
0.9999999999005058
0.9999999997964795
0.9999999995807359
0.999999998877603
0.9999999975488407
0.9999999926254031
0.99999998444787
0.9999999482489426
0.999999898209398
0.9999996178244503
0.999999316578833
0.9999970267406826
0.9999952837843145
0.999975617937112
0.9999664581637142
0.9997896097686496
0.9997535981180958
0.9980948033923851
0.9981265298653534
0.9819109836782173
0.9852072841022412
0.8189435969658097
0.8776811878017952
-0.9592829661166205
-0.06535246090935393
-25.634679371225136
-25.63452842381971
-0.06534995137603296
-0.9592643161101635
0.8776817628975584
0.8189461008549623
0.9852074161147983
0.9819113320116559
0.998126557642051
0.9980948528463024
0.9997536034285414
0.9997896167813927
0.9999664590255343
0.9999756188400573
0.9999952838251852
0.999997026761795
0.9999993164781422
0.9999996177186581
0.9999998980843983
0.9999999481232547
0.9999999843175675
0.9999999924961167
0.9999999974192154
0.99999999874898
0.9999999994516935
0.9999999996677524
0.9999999997718995
0.9999999998075682
0.999999999824027
0.9999999998302584
0.9999999998326987
0.9999999998326694
0.9999999998294836
0.9999999998238263
0.9999999998066322
0.9999999997704846
0.9999999996672916
0.9999999994514646
0.99999999874807
0.9999999974194704
0.9999999924956275
0.9999999843175366
0.9999999481225932
0.9999998980846236
0.9999996177178464
0.9999993164774577
0.9999970267606629
0.9999952838250658
0.9999756188395375
0.9999664590252517
0.999789616781934
0.9997536034282664
0.9980948528461353
0.9981265576425367
0.9819113320108439
0.9852074161150983
0.8189461008547039
0.8776817628975888
-0.9592643161113975
-0.06534995137453516
-25.634528423820512
-25.6341653804443
-0.06534394742213948
-0.9592196510967252
0.8776831344703478
0.8189520786633715
0.9852077289542265
0.9819121600090025
0.9981266226794232
0.9980949694548218
0.9997536155084833
0.9997896329565441
0.9999664607468843
0.9999756206821667
0.9999952836641478
0.9999970265543803
0.9999993159951654
0.9999996172196165
0.9999998975494355
0.9999999475854332
0.9999999837760266
0.9999999919528022
0.9999999968761587
0.9999999982048264
0.9999999989081307
0.9999999991227354
0.9999999992270998
0.9999999992622595
0.9999999992790287
0.9999999992842261
0.9999999992872237
0.9999999992876665
0.9999999992852031
0.9999999992802482
0.9999999992627804
0.9999999992277324
0.9999999991235244
0.9999999989077399
0.9999999982043383
0.9999999968753817
0.999999991952341
0.9999999837751645
0.999999947585908
0.9999998975494558
0.9999996172210506
0.9999993159943295
0.9999970265550436
0.9999952836646877
0.9999756206822179
0.999966460747137
0.9997896329569483
0.9997536155080508
0.9980949694549845
0.9981266226795964
0.9819121600073404
0.9852077289543946
0.8189520786622441
0.8776831344690212
-0.9592196510948754
-0.06534394742519137
-25.63416538045201
-25.633290101124565
-0.06532955978197239
-0.9591124756629936
0.8776864075155857
0.818966369067111
0.9852084690534733
0.9819141283406847
0.9981267739241937
0.9980952435594066
0.9997536422760948
0.9997896696197658
0.9999664635328904
0.9999756238286857
0.999995282172714
0.9999970249805819
0.9999993137888654
0.9999996149863735
0.9999998952320275
0.9999999452627114
0.9999999814402263
0.9999999896168448
0.9999999945372224
0.9999999958662906
0.9999999965687718
0.9999999967853626
0.9999999968902087
0.9999999969249866
0.9999999969413602
0.9999999969460251
0.9999999969499263
0.999999996947059
0.9999999969466331
0.999999996939531
0.9999999969254572
0.9999999968898567
0.9999999967871591
0.9999999965697179
0.9999999958676966
0.9999999945380086
0.9999999896170803
0.9999999814419274
0.9999999452629579
0.9999998952325506
0.999999614988581
0.9999993137892118
0.9999970249814333
0.9999952821738549
0.9999756238286707
0.9999664635327468
0.9997896696205562
0.9997536422766254
0.9980952435600128
0.9981267739244846
0.981914128339615
0.9852084690543126
0.818966369067638
0.8776864075158706
-0.959112475660306
-0.06532955977753677
-25.63329010111904
-25.63117390190854
-0.06529502056947294
-0.9588547369020535
0.8776942201500149
0.8190005785013194
0.9852102145390814
0.9819188056565504
0.9981271216055687
0.9980958844211276
0.9997536986868139
0.9997897500827619
0.9999664648963916
0.9999756262623886
0.9999952739502964
0.999997016618936
0.9999993040059538
0.9999996051519209
0.9999998852105525
0.9999999352298183
0.9999999713843273
0.9999999795586025
0.9999999844754582
0.999999985804227
0.9999999865061353
0.9999999867224838
0.9999999868264842
0.9999999868632328
0.9999999868776285
0.999999986883914
0.9999999868847878
0.9999999868858958
0.9999999868837075
0.9999999868782123
0.9999999868631554
0.9999999868276646
0.9999999867232781
0.9999999865056157
0.9999999858039016
0.9999999844746256
0.9999999795575572
0.999999971383783
0.9999999352288347
0.9999998852090497
0.9999996051518147
0.9999993040047543
0.9999970166191647
0.9999952739489059
0.9999756262608219
0.9999664648955582
0.9997897500815375
0.9997536986855438
0.9980958844197536
0.9981271216045167
0.9819188056544216
0.9852102145371511
0.8190005784982756
0.8776942201487665
-0.9588547369035658
-0.06529502056862865
-25.631173901910582
-25.6260405843637
-0.06521194681492948
-0.9582333470667035
0.8777128622625818
0.8190825848921521
0.985214308668185
0.9819299067655465
0.9981279048478097
0.9980973686081294
0.9997538049457573
0.9997899152292337
0.9999664463290274
0.9999756108651694
0.9999952342719238
0.9999969767841963
0.9999992610030357
0.9999995620617437
0.9999998417119615
0.9999998917131054
0.9999999278159666
0.9999999359868825
0.9999999408983447
0.9999999422275558
0.9999999429285038
0.9999999431446993
0.99999994324854
0.9999999432839606
0.9999999433004176
0.9999999433064855
0.9999999433069315
0.9999999433081419
0.9999999433038476
0.999999943299982
0.9999999432835425
0.9999999432479251
0.9999999431425177
0.9999999429277177
0.9999999422265642
0.999999940899112
0.999999935987651
0.9999999278179144
0.9999998917136155
0.9999998417126741
0.9999995620613902
0.9999992610039473
0.9999969767833605
0.9999952342716023
0.9999756108660874
0.9999664463294271
0.9997899152293896
0.9997538049465408
0.9980973686094596
0.9981279048482822
0.9819299067659376
0.985214308669245
0.8190825848934977
0.8777128622642429
-0.958233347063246
-0.06521194681960638
-25.6260405843652
-25.613539667879948
-0.06501173505551802
-0.9567308113011829
0.8777572828273539
0.8192794235642327
0.9852238200391261
0.9819561849655413
0.9981296042045564
0.9981007474670547
0.9997539466224035
0.9997902022278989
0.999966309726769
0.9999754835911145
0.9999950522696528
0.9999967948597541
0.9999990721216864
0.9999993730677061
0.9999996518485345
0.9999997018221634
0.9999997378184121
0.9999997459852471
0.9999997508853631
0.9999997522127719
0.9999997529129794
0.999999753127899
0.9999997532321625
0.9999997532670766
0.9999997532844502
0.9999997532886029
0.999999753292812
0.9999997532924899
0.9999997532902553
0.9999997532840836
0.999999753267544
0.9999997532322253
0.9999997531298352
0.9999997529135541
0.9999997522143522
0.9999997508852909
0.9999997459857068
0.9999997378187574
0.9999997018221543
0.9999996518482352
0.9999993730687783
0.9999990721221284
0.9999967948602653
0.9999950522713628
0.9999754835927035
0.9999663097269165
0.9997902022288538
0.9997539466216878
0.9981007474666945
0.9981296042029775
0.9819561849652567
0.9852238200402645
0.8192794235627634
0.877757282824307
-0.9567308113009534
-0.06501173506228654
-25.613539667875028
-25.582952131105017
-0.06452822750306823
-0.9530851105203031
0.8778627809958544
0.8197523729505534
0.9852455430939344
0.9820180740086573
0.9981330154925554
0.9981081927063862
0.9997538273487322
0.9997904444556197
0.9999655847808187
0.999974785767169
0.9999942328184934
0.9999959767515403
0.9999982389958466
0.9999985398997855
0.9999988168595431
0.9999988668093482
0.9999989025884827
0.9999989107510195
0.999998915624911
0.9999989169520836
0.9999989176483621
0.9999989178637901
0.9999989179680694
0.999998918004333
0.999998918019477
0.9999989180247297
0.9999989180276336
0.9999989180275541
0.9999989180243887
0.9999989180181561
0.9999989180021605
0.9999989179671874
0.9999989178640376
0.9999989176478612
0.9999989169509015
0.9999989156232559
0.9999989107497878
0.9999989025879272
0.9999988668100537
0.9999988168590747
0.9999985399014165
0.9999982389949826
0.9999959767525779
0.9999942328179748
0.9999747857660692
0.9999655847797706
0.9997904444565885
0.9997538273482971
0.9981081927073618
0.9981330154922987
0.982018074007823
0.9852455430936289
0.8197523729478404
0.877862780995821
-0.9530851105193319
-0.06452822749765752
-25.58295213109873
-25.50767023087477
-0.06335832231283466
-0.9442031767250376
0.8781116655498797
0.8208891879003752
0.9852936111257573
0.9821624469294143
0.9981386238352704
0.9981235142176648
0.9997516115129259
0.999789133963813
0.9999620948381867
0.9999713732315323
0.9999905547115278
0.9999923046151127
0.999994535124503
0.9999948364258882
0.9999951096633966
0.9999951596330683
0.9999951949816241
0.9999952031439188
0.9999952079674579
0.9999952092937529
0.9999952099839151
0.9999952102006279
0.999995210302622
0.9999952103386662
0.999995210353438
0.999995210360097
0.999995210361847
0.9999952103608462
0.9999952103594472
0.9999952103547791
0.9999952103387282
0.9999952103041571
0.9999952101997486
0.999995209985015
0.9999952092924289
0.9999952079665079
0.9999952031413181
0.9999951949819501
0.9999951596324567
0.999995109663658
0.9999948364280613
0.9999945351260571
0.9999923046155177
0.9999905547125658
0.9999713732305292
0.9999620948380314
0.9997891339642109
0.999751611513962
0.9981235142189556
0.9981386238346859
0.9821624469265011
0.9852936111252772
0.8208891879008688
0.8781116655489676
-0.9442031767250298
-0.06335832231561117
-25.507670230881573
-25.32100573282775
-0.06052339786915989
-0.9224586946633573
0.8786911894450669
0.8236192627232877
0.9853933811730335
0.9824932092753056
0.9981416823113316
0.9981500086158852
0.999737909520259
0.9997777071853651
0.9999458411867185
0.9999553349487141
0.999973949094523
0.9999757193061076
0.9999778844087308
0.9999781876589402
0.9999784534776428
0.9999785036398059
0.9999785381592303
0.9999785463412325
0.9999785510724267
0.9999785524011017
0.99997855308221
0.9999785532989983
0.9999785534014939
0.999978553437773
0.999978553452217
0.9999785534582706
0.9999785534595973
0.9999785534596527
0.999978553458275
0.9999785534520498
0.9999785534370507
0.9999785534021723
0.9999785532996126
0.9999785530839912
0.9999785524012038
0.9999785510739454
0.9999785463409102
0.9999785381604273
0.9999785036402092
0.9999784534767083
0.9999781876585722
0.9999778844090459
0.9999757193056902
0.9999739490947542
0.999955334947074
0.9999458411861155
0.9997777071850824
0.9997379095208452
0.9981500086157928
0.9981416823113994
0.9824932092750185
0.9853933811730924
0.823619262725605
0.878691189444852
-0.922458694660072
-0.060523397867708204
-25.321005732825995
-24.85363584546593
-0.05365078173061266
-0.8689121985669441
0.8800062423455196
0.830152611704641
0.985570831116338
0.9832243367241009
0.9981052198591625
0.9981701167541536
0.9996673690565713
0.9997128676370263
0.999870549666187
0.9998806221968086
0.9998980563543101
0.9998998865213365
0.9999019206807498
0.9999022302895982
0.9999024817731048
0.9999025326228008
0.9999025655896474
0.9999025738462068
0.9999025784119364
0.999902579748918
0.9999025804120478
0.9999025806292589
0.9999025807292292
0.999902580763748
0.9999025807783417
0.9999025807839994
0.9999025807849352
0.9999025807860071
0.999902580783216
0.9999025807774298
0.9999025807630395
0.9999025807276444
0.9999025806292501
0.9999025804111403
0.9999025797482719
0.9999025784117875
0.9999025738463097
0.9999025655880833
0.9999025326222967
0.9999024817708653
0.999902230289208
0.9999019206798738
0.9998998865211788
0.9998980563541635
0.9998806221976979
0.9998705496663399
0.9997128676368348
0.9996673690559219
0.998170116754524
0.9981052198591915
0.9832243367239701
0.9855708311166604
0.8301526117038377
0.880006242342553
-0.868912198565992
-0.0536507817260416
-24.853635845461085
-23.667729636914224
-0.03701868620169464
-0.7361290100502685
0.882833589210031
0.8456501642113907
0.9857407002354613
0.9847176773835116
0.9978245257082572
0.9980254736128975
0.9993228820645591
0.9993824702219787
0.9995181630365346
0.9995297199910743
0.9995447776359123
0.9995467667519384
0.9995485473885104
0.9995488741956746
0.999549098882907
0.9995491516022033
0.9995491817547326
0.999549190215401
0.9995491944874673
0.9995491958459046
0.9995491964799595
0.9995491966984053
0.9995491967957694
0.9995491968309771
0.9995491968473993
0.9995491968523843
0.9995491968555936
0.9995491968565151
0.999549196853929
0.9995491968487672
0.999549196833999
0.999549196797241
0.9995491967001766
0.9995491964800104
0.9995491958484725
0.9995491944884953
0.9995491902169238
0.9995491817560145
0.999549151603391
0.9995490988830998
0.9995488741955036
0.9995485473871661
0.99954676675114
0.9995447776346118
0.9995297199907613
0.9995181630369656
0.9993824702228689
0.9993228820647289
0.998025473613942
0.9978245257092292
0.9847176773851043
0.9857407002361446
0.8456501642114288
0.8828335892095739
-0.7361290100507428
-0.03701868620977752
-23.667729636924836
-20.599665388243007
0.002997171879339412
-0.40423304170537633
0.8881696018440728
0.8816763604173956
0.9850420656975654
0.9871597816245425
0.9962525843489476
0.9967766404085716
0.9976468833219483
0.9977402554729097
0.9978313189954127
0.9978464530587127
0.9978569014422191
0.997859271336091
0.9978605792353361
0.9978609465639696
0.9978611229658991
0.9978611799830851
0.9978612052153817
0.9978612141299033
0.9978612178998651
0.997861219307778
0.9978612198892487
0.9978612201136657
0.9978612202055264
0.9978612202412191
0.9978612202564233
0.9978612202625954
0.9978612202650479
0.997861220264392
0.9978612202611301
0.9978612202562153
0.9978612202405983
0.9978612202047727
0.9978612201129039
0.9978612198891532
0.9978612193074847
0.9978612179001578
0.9978612141288867
0.9978612052149696
0.997861179981868
0.997861122965918
0.9978609465648092
0.9978605792365807
0.9978592713357406
0.9978569014427352
0.9978464530590019
0.9978313189958135
0.9977402554715229
0.9976468833210991
0.996776640406208
0.9962525843475883
0.9871597816216827
0.9850420656966221
0.8816763604141642
0.888169601844883
-0.4042330417035624
0.002997171889309337
-20.59966538823729
-12.413599258669928
0.09812879006141015
0.43140886143543034
0.8944414390445063
0.9615433112642446
0.9782742310782789
0.9877147016084691
0.9880176089536268
0.9892863362589449
0.989279521009023
0.989449729686538
0.9894538641053778
0.9894769579994853
0.9894788049682797
0.9894819972340527
0.9894824541305345
0.9894829058729482
0.9894829981468711
0.989483063747453
0.989483080691051
0.9894830904674303
0.9894830934267111
0.9894830949198153
0.9894830954219491
0.9894830956557358
0.9894830957389681
0.9894830957770151
0.9894830957905556
0.989483095796676
0.9894830957989411
0.9894830957987457
0.9894830957975573
0.9894830957920135
0.9894830957775402
0.9894830957406313
0.9894830956562155
0.9894830954248791
0.9894830949200151
0.9894830934282426
0.9894830904670906
0.9894830806919079
0.9894830637474197
0.989482998148166
0.9894829058735897
0.989482454132209
0.9894819972349979
0.9894788049705265
0.9894769580011926
0.9894538641066466
0.989449729687756
0.9892795210115137
0.9892863362606584
0.9880176089571719
0.9877147016097136
0.9782742310817742
0.96154331126669
0.8944414390454651
0.43140886144101787
0.09812879005819994
-12.413599258681852
10.703898776921214
0.3224814210950354
2.5328363921623263
0.8785259464032238
1.1161068049613967
0.9359415155771353
0.9616149601840214
0.943709507646955
0.9465784413942159
0.9448667688004406
0.9451977181562353
0.9450386954817334
0.9450781839998643
0.9450639682154296
0.9450688605005731
0.9450676797224407
0.9450683104421347
0.9450682283615858
0.9450683128774643
0.9450683102355377
0.9450683219545072
0.9450683225660905
0.9450683242362199
0.9450683244357679
0.9450683246783564
0.9450683247192223
0.9450683247558842
0.9450683247623742
0.9450683247665089
0.9450683247682552
0.945068324767308
0.9450683247679705
0.9450683247617255
0.9450683247551823
0.9450683247184368
0.9450683246772658
0.9450683244338975
0.9450683242342287
0.9450683225641143
0.9450683219533372
0.9450683102341468
0.9450683128783145
0.9450682283602125
0.9450683104415507
0.9450676797214206
0.9450688605005646
0.9450639682143781
0.9450781839978861
0.9450386954805057
0.9451977181566251
0.9448667688008235
0.9465784413932141
0.9437095076457584
0.9616149601798627
0.935941515575927
1.1161068049588434
0.8785259464012737
2.53283639216009
0.32248142109157907
10.703898776922221
85.73125009841931
0.9374115363822373
7.60144414360553
0.6347594154953935
1.2103498878140104
0.6380942964698337
0.6912984871307415
0.644521270943246
0.6494985043364547
0.6457373402176968
0.646189978993695
0.6458969862585219
0.645934510867531
0.6459125619272148
0.6459148640865018
0.6459132239683154
0.6459131792050419
0.6459130327574965
0.6459129767624519
0.6459129561429602
0.6459129410481044
0.6459129368825904
0.6459129336482536
0.6459129327377888
0.6459129321039734
0.6459129319134689
0.645912931796589
0.6459129317593608
0.6459129317368878
0.6459129317310477
0.6459129317283914
0.645912931734544
0.6459129317572793
0.6459129317920519
0.6459129319154193
0.6459129321056057
0.645912932740928
0.6459129336482062
0.6459129368774702
0.6459129410429701
0.6459129561422488
0.6459129767624157
0.6459130327584424
0.6459131792102206
0.6459132239692921
0.6459148640859187
0.6459125619232553
0.6459345108644587
0.6458969862543686
0.6461899789981707
0.6457373402180697
0.6494985043397343
0.6445212709434736
0.6912984871224375
0.6380942964701632
1.210349887812181
0.6347594154948468
7.601444143609445
0.9374115363847026
85.73125009844992
574.1706855389166
0.22455932709334037
13.44487361426223
-25.247149060565185
-24.689155226435194
-28.16876892939301
-28.180696855661015
-28.525379790568408
-28.534623097058898
-28.570836748641405
-28.572823565053767
-28.576812108120475
-28.577160168207925
-28.577619189133273
-28.57767588714662
-28.577731079342513
-28.577740050634155
-28.5777469878915
-28.577748393397073
-28.577749304649146
-28.577749524729157
-28.577749649598083
-28.57774968419141
-28.577749701987614
-28.57774970747075
-28.57774971008896
-28.577749710944186
-28.57774971134708
-28.577749711471526
-28.577749711524177
-28.577749711561385
-28.577749711473565
-28.577749711365954
-28.577749710971695
-28.57774971009639
-28.577749707459017
-28.577749701987926
-28.577749684192526
-28.577749649609117
-28.57774952477146
-28.577749304661644
-28.5777483933682
-28.577746987897136
-28.577740050598464
-28.57773107935334
-28.57767588710934
-28.5776191891282
-28.577160168207335
-28.576812108147507
-28.572823565047052
-28.57083674860638
-28.53462309702968
-28.52537979054273
-28.180696855775125
-28.168768929389213
-24.6891552264561
-25.247149060554236
13.444873614313313
0.22455932705355675
574.1706855389439