1	0	0.030276855315959923
2	0	0.042351162104548784
3	0	0.014532303144828672
4	0	0.01406738076662033
5	0	0.0318144914558975
6	0	0.022408747267735264
7	0	0.007431898591522172
8	0	0.007606426484795262
9	0	0.0017856166488920393
10	0	0.0377502428130433
11	0	0.016235027019843806
12	0	0.012012442163576687
13	0	0.004095961919069021
14	0	0.004367032803938319
15	0	0.0010196085473196384
16	0	0.032522615049345144
17	0	0.019681531747173117
18	0	0.008852333791628132
19	0	0.006939594469554649
20	0	0.0023708603014112794
21	0	0.0025538708267290565
22	0	0.0005529800936121095
23	0	0.0009971391760381712
24	0	0.03430107443882342
25	0	0.01709144995055309
26	0	0.011510313226267114
27	0	0.005099324000512953
28	0	0.004126575547616114
29	0	0.0014170068003610719
30	0	0.0015371681668897676
31	0	0.0003933489383549142
32	0	0.0006286745142417907
33	0	0.00015893185757147782
34	0	0.019650314360463467
35	0	0.009832099122216702
36	0	0.006804386189605483
37	0	0.0030518430199115727
38	0	0.0024546693811290494
39	0	0.0008949179740308709
40	0	0.0009292358061808222
41	0	0.0002710993963584139
42	0	0.0003785738319467541
43	0	0.0001019435518106113
44	0	0.011156534936865137
45	0	0.005992637910393256
46	0	0.00392870511475062
47	0	0.0018455069481436328
48	0	0.0014475327234725489
49	0	0.0005721150218667007
50	0	0.0005542363415138198
51	0	0.00018040934565822833
52	0	0.00022326089626127697
53	0	0.000056559134541181376
54	0	0.00009920036725946185
55	0	0.0033991636111452917
56	0	0.0022535775861938683
57	0	0.0011204144075366667
58	0	0.0008419187743011433
59	0	0.00036249054936137825
60	0	0.0003256207443170893
61	0	0.00011588968722967811
62	0	0.00013404622098884032
63	0	0.00004317983209470305
64	0	0.00006196469105298802
65	0	0.001955237395415551
66	0	0.0012898493638553766
67	0	0.0006733381793512878
68	0	0.0004834473158052085
69	0	0.00022762778363586724
70	0	0.0001894471880722035
71	0	0.000075384054787145
72	0	0.00008004931312514846
73	0	0.000029723035054203324
74	0	0.00003933523763207019
75	0	0.000015342396499129932
76	0	0.0007084403329114663
77	0	0.00042096451011432363
78	0	0.0002716224495281942
79	0	0.000137269871450708
80	0	0.00010970344070137852
81	0	0.00004807518979669537
82	0	0.00004777203636887701
83	0	0.00001911145461126313
84	0	0.000023307512565568784
85	0	8.208649157605806e-6
86	0	0.000012550858527186144
87	0	0.00023070777372620303
88	0	0.0001531462588716849
89	0	0.00008185044591299919
90	0	0.0000631420568514571
91	0	0.000029901917999894604
92	0	0.000028139452634310332
93	0	0.000011900650571630084
94	0	0.000013967844326200051
95	0	6.040118813238359e-6
96	0	7.751441132087951e-6
97	0	0.00012948554927174838
98	0	0.00008648784909426246
99	0	0.00004806038750036282
100	0	0.000036316283506407074
101	0	0.00001844195445441727
102	0	0.000016435573131640062
103	0	7.655841237138105e-6
104	0	8.25266175695328e-6
105	0	3.99336035872255e-6
106	0	4.8143958962635555e-6
107	0	2.5295159398592412e-6
108	0	0.00004829732029478776
109	0	0.000028582908558722958
110	0	0.000020730338606010746
111	0	0.00001136620809053698
112	0	9.387230474394893e-6
113	0	4.799603222032486e-6
114	0	4.871171116155223e-6
115	0	2.494361072023941e-6
116	0	2.8551525622929106e-6
117	0	1.3681247419468184e-6
118	0	1.794639726681471e-6
119	0	0.000026923537931257897
120	0	0.00001783638446408883
121	0	0.000011347455719149108
122	0	6.6463955955196105e-6
123	0	5.31080466842652e-6
124	0	2.9379892149398416e-6
125	0	2.845184467478472e-6
126	0	1.51010415851265e-6
127	0	1.7070054348685691e-6
128	0	9.722557700271214e-7
129	0	1.0960243765706667e-6
130	0	9.315728446220158e-6
131	0	6.147870124660903e-6
132	0	3.858711125238975e-6
133	0	3.0282092612101443e-6
134	0	1.784141003859603e-6
135	0	1.6482677316514555e-6
136	0	9.551856065329344e-7
137	0	9.97048951151699e-7
138	0	6.277262059692619e-7
139	0	6.558772499094438e-7
140	0	4.5393719336957745e-7
141	0	3.467190617110125e-6
142	0	2.281405433043616e-6
143	0	1.708231652377881e-6
144	0	1.0894065554732236e-6
145	0	9.274253174596892e-7
146	0	5.925743551480955e-7
147	0	5.766727459201309e-7
148	0	3.9087176871641206e-7
149	0	3.834798587805401e-7
150	0	2.734252191028525e-7
151	0	1.915548313372293e-6
152	0	1.4326053604183267e-6
153	0	9.124072825162073e-7
154	0	6.335577370983833e-7
155	0	5.129475345924346e-7
156	0	3.608469630617865e-7
157	0	3.2902241894187263e-7
158	0	2.3640867039529146e-7
159	0	2.1688209387416684e-7
160	0	1.5226991073821348e-7
161	0	1.4878867157794942e-7
162	0	7.356910345274064e-7
163	0	4.713460261782924e-7
164	0	3.6837227088806956e-7
165	0	2.866270914980042e-7
166	0	2.1695724942225797e-7
167	0	1.832459727441187e-7
168	0	1.4103669454533662e-7
169	0	1.23458275676663e-7
170	0	1.0622669858150506e-7
171	0	8.384895033619863e-8
172	0	8.632273722655878e-8
173	0	2.684503757563e-7
174	0	2.17523956515229e-7
175	0	1.570025046767235e-7
176	0	1.3025451718975538e-7
177	0	9.888596372284058e-8
178	0	8.885057380758587e-8
179	0	6.593666234618814e-8
180	0	7.113508126800098e-8
181	0	4.561445021101745e-8
182	0	5.8644389476672166e-8
183	0	1.4631517826609877e-7
184	0	1.3607749936843457e-7
185	0	8.048017847897668e-8
186	0	7.682724025950681e-8
187	0	4.9907745557335365e-8
188	0	5.730860415361405e-8
189	0	3.240143616897919e-8
190	0	4.891304456656664e-8
191	0	2.300276928465188e-8
192	0	4.607495100504866e-8
193	0	2.6069119344745356e-8
194	0	7.038999569755302e-8
195	0	3.862385076261547e-8
196	0	4.6622586926411416e-8
197	0	2.222147206129727e-8
198	0	3.856079783094126e-8
199	0	1.378532493314844e-8
200	0	3.809241821797271e-8
201	0	1.3357310441285588e-8
202	0	4.932977855348328e-8
203	0	2.924111346798097e-8
204	0	3.952180645029177e-8
205	0	1.564496804346174e-8
206	0	3.0014297225783136e-8
207	0	8.109857491282261e-9
208	0	2.868663322254835e-8
209	0	5.3352208658308964e-9
210	0	3.683027781700328e-8
211	0	1.3460739542626247e-8
212	0	6.115053338785319e-8
213	0	4.726869351730594e-8
214	0	1.196957260862043e-7
215	0	6.584998804186373e-9
216	0	2.1082593138610957e-8
217	0	1.88686888105822e-9
218	0	2.5316926880702782e-8
219	0	4.6165933391163036e-9
220	0	4.325761743417117e-8
221	0	2.469746118708615e-8
222	0	8.96982611525904e-8
223	0	8.680473785559016e-8
224	0	2.133665717424966e-7
225	0	2.5859678156227934e-7
226	0	1.6096894192635503e-8
227	0	1.5171762750233163e-9
228	0	2.7637583205280587e-8
229	0	1.1782266182358145e-8
230	0	5.965823577524031e-8
231	0	5.1605649405358274e-8
232	0	1.4464847479130907e-7
233	0	1.715479639790136e-7
234	0	3.583341964001144e-7
235	0	4.919160659564252e-7
236	0	1.6377551617243843e-8
237	0	7.202768528133008e-9
238	0	3.583886654880271e-8
239	0	2.884505006674847e-8
240	0	9.001649812646944e-8
241	0	1.0418146280391829e-7
242	0	2.376802663607551e-7
243	0	3.228283896975648e-7
244	0	6.204741120991843e-7
245	0	9.351113165207465e-7
246	0	1.6102240847816428e-6
247	0	1.7939060512892927e-8
248	0	5.064984337161348e-8
249	0	6.095437847212618e-8
250	0	1.4083321872006292e-7
251	0	1.9706029527373527e-7
252	0	3.9722850255128783e-7
253	0	5.911026416969269e-7
254	0	1.1001090012551155e-6
255	0	1.6472011787708024e-6
256	0	3.0490543751932077e-6
257	0	4.4063874873458155e-6
258	0	3.745502286783994e-8
259	0	7.250367657102971e-8
260	0	1.1678847287916026e-7
261	0	2.268536975076058e-7
262	0	3.5673946045606467e-7
263	0	6.709255013196623e-7
264	0	1.0489333232254273e-6
265	0	1.9319136071336453e-6
266	0	2.972606592845112e-6
267	0	5.2304430289930205e-6
268	0	8.01152414772492e-6
269	0	1.1816307974116731e-7
270	0	2.1537436966310344e-7
271	0	3.6706956172389544e-7
272	0	6.243480447794886e-7
273	0	1.1224719940003448e-6
274	0	1.8394415021558038e-6
275	0	3.294632906216277e-6
276	0	5.235895711578784e-6
277	0	9.163732373567685e-6
278	0	0.000014843270900645967
279	0	0.000024850598076965862
280	0	3.62628197360556e-7
281	0	5.852673747955147e-7
282	0	1.0730398444823408e-6
283	0	1.8444299329744246e-6
284	0	3.164578757249645e-6
285	0	5.583196602101352e-6
286	0	9.163449225739649e-6
287	0	0.00001618079557295774
288	0	0.000025269239806319094
289	0	0.00004469531961407798
290	0	6.119285275561969e-7
291	0	8.996899472201181e-7
292	0	1.8112848908542994e-6
293	0	3.017982664251824e-6
294	0	5.380801353371618e-6
295	0	9.412694960337017e-6
296	0	0.00001569742679162258
297	0	0.000027871358544640658
298	0	0.000044121318038672946
299	0	0.00008124902211272777
300	0	0.00012311082846307788
301	0	1.4691034536671227e-6
302	0	3.055030430205309e-6
303	0	4.883616855094628e-6
304	0	9.048030971263682e-6
305	0	0.000015579308924439348
306	0	0.000026741586959423787
307	0	0.00004754288940086524
308	0	0.00007775013467164929
309	0	0.00013701520996431117
310	0	0.00022763381077287064
311	0	0.00038553048469089097
312	0	4.993317452693167e-6
313	0	7.766535320376714e-6
314	0	0.000015068763422683445
315	0	0.000025397954484612422
316	0	0.00004539240301191683
317	0	0.00007934632151429973
318	0	0.0001346481815444807
319	0	0.00023686640661858198
320	0	0.0003854192303770593
321	0	0.0006809988213419685
322	0	8.18653895867314e-6
323	0	0.000011964127268683464
324	0	0.000024903308209137776
325	0	0.00004123929869118072
326	0	0.00007606937863594927
327	0	0.00013136693317632154
328	0	0.00022747956732159012
329	0	0.0004000474155263789
330	0	0.0006634025829608701
331	0	0.0012085907913281123
332	0	0.0019406220412186482
333	0	0.000019379841170837295
334	0	0.000041083337544114986
335	0	0.00006607317026470601
336	0	0.00012554612838249477
337	0	0.00021378077457502614
338	0	0.0003814046979125911
339	0	0.0006702190207629166
340	0	0.0011465628614933377
341	0	0.0020231437327729576
342	0	0.0034984148506310674
343	0	0.006046392303913244
344	0	0.00003121361002378394
345	0	0.00006673645339706675
346	0	0.0001040151577255271
347	0	0.0002061306258480755
348	0	0.00034497511774451615
349	0	0.0006376970872257304
350	0	0.001111647782285789
351	0	0.001957236393799554
352	0	0.003454644022988484
353	0	0.005947958728635527
354	0	0.01054487417720659
355	0	0.00010914448624824819
356	0	0.00016074583318848403
357	0	0.000339081766106749
358	0	0.0005635417326178968
359	0	0.0010627810728939253
360	0	0.0018423462088825997
361	0	0.0033231732177497228
362	0	0.005832662613959396
363	0	0.010287566055151583
364	0	0.01851077213862265
365	0	0.03285078893422336
366	0	0.00026857199973496273
367	0	0.0005620491452258123
368	0	0.0009252227886527025
369	0	0.0017796624321384886
370	0	0.00307416165031883
371	0	0.0056881761942396995
372	0	0.01004305577721395
373	0	0.018084602980109714
374	0	0.03425183144302912
375	0	0.0004580114364328138
376	0	0.0009319816518024827
377	0	0.0015433538544784406
378	0	0.00305487311209579
379	0	0.005289736529576488
380	0	0.009997162617968916
381	0	0.01833496068432726
382	0	0.03496691416146184
383	0	0.001648363980651025
384	0	0.0026357395585196097
385	0	0.005425031389524651
386	0	0.009732881181691645
387	0	0.018707235070455224
388	0	0.035452756849055814
389	0	0.005045349111074783
390	0	0.010037616791250535
391	0	0.018672163508514965
392	0	0.03587488672474866
393	0	0.009789846767797723
394	0	0.018840154251939585
395	0	0.035774484127828826
396	0	0.03608211729704795